piezo amplitude phase
4.943667477E-08 2.574757240E-08 -9.000000000E+01
4.937526275E-08 2.569237458E-08 -8.997253397E+01
4.931385073E-08 2.570010228E-08 -9.001098641E+01
4.925243871E-08 2.567802315E-08 -9.003845244E+01
4.919102669E-08 2.564821633E-08 -9.006042527E+01
4.912961468E-08 2.568575085E-08 -9.005493206E+01
4.906820266E-08 2.573432492E-08 -9.009887771E+01
4.900679064E-08 2.571445371E-08 -9.006591847E+01
4.894537862E-08 2.579283461E-08 -9.006042527E+01
4.888396660E-08 2.577296339E-08 -9.007690488E+01
4.882255458E-08 2.574426053E-08 -9.002746603E+01
4.876114257E-08 2.571114184E-08 -9.001647962E+01
4.869973055E-08 2.572107745E-08 -9.004394565E+01
4.863831853E-08 2.571114184E-08 -9.006591847E+01
4.857690651E-08 2.572328536E-08 -8.997802718E+01
4.851549449E-08 2.571445371E-08 -8.999450679E+01
4.845408247E-08 2.576413174E-08 -8.996154756E+01
4.839267046E-08 2.578731482E-08 -9.009338450E+01
4.833125844E-08 2.577517131E-08 -9.007141168E+01
4.826984642E-08 2.580277021E-08 -9.013183694E+01
4.820843440E-08 2.578069109E-08 -9.004943885E+01
4.814702238E-08 2.578621087E-08 -8.997253397E+01
4.808561036E-08 2.578731482E-08 -9.000000000E+01
4.802419835E-08 2.579835439E-08 -9.003845244E+01
4.796278633E-08 2.578952274E-08 -9.004394565E+01
4.790137431E-08 2.575640405E-08 -9.009338450E+01
4.783996229E-08 2.578289900E-08 -9.012634374E+01
4.777855027E-08 2.576081987E-08 -9.003845244E+01
4.771713825E-08 2.571666162E-08 -9.001098641E+01
4.765572624E-08 2.573101305E-08 -9.003845244E+01
4.759431422E-08 2.572880514E-08 -8.994506794E+01
4.753290220E-08 2.573984470E-08 -8.994506794E+01
4.747149018E-08 2.576192383E-08 -8.993957473E+01
4.741007816E-08 2.578069109E-08 -8.996704076E+01
4.734866614E-08 2.576744361E-08 -9.000549321E+01
4.728725413E-08 2.574426053E-08 -9.007690488E+01
4.722584211E-08 2.576633966E-08 -9.009338450E+01
4.716443009E-08 2.574315657E-08 -9.001098641E+01
4.710301807E-08 2.576081987E-08 -8.996154756E+01
4.704160605E-08 2.578952274E-08 -8.991760191E+01
4.698019403E-08 2.575419614E-08 -9.003295924E+01
4.691878202E-08 2.574978031E-08 -9.006591847E+01
4.685737000E-08 2.571997349E-08 -8.998352038E+01
4.679595798E-08 2.570893393E-08 -8.994506794E+01
4.673454596E-08 2.570120623E-08 -9.003295924E+01
4.667313394E-08 2.574205262E-08 -9.010437091E+01
4.661172192E-08 2.575971592E-08 -9.010437091E+01
4.655030991E-08 2.573101305E-08 -9.003845244E+01
4.648889789E-08 2.574646844E-08 -9.006591847E+01
4.642748587E-08 2.573874075E-08 -9.002746603E+01
4.636607385E-08 2.573874075E-08 -9.007690488E+01
4.630466183E-08 2.571886953E-08 -9.003295924E+01
4.624324981E-08 2.572880514E-08 -9.003295924E+01
4.618183780E-08 2.577958713E-08 -8.997253397E+01
4.612042578E-08 2.575640405E-08 -9.003845244E+01
4.605901376E-08 2.574426053E-08 -9.007690488E+01
4.599760174E-08 2.574867635E-08 -9.001647962E+01
4.593618972E-08 2.573763679E-08 -8.992858832E+01
4.587477770E-08 2.573432492E-08 -8.996704076E+01
4.581336569E-08 2.574978031E-08 -9.000000000E+01
4.575195367E-08 2.573874075E-08 -9.001647962E+01
4.569054165E-08 2.572438932E-08 -9.000000000E+01
4.562912963E-08 2.574426053E-08 -9.000000000E+01
4.556771761E-08 2.569789437E-08 -9.003845244E+01
4.550630559E-08 2.571224580E-08 -9.008789130E+01
4.544489358E-08 2.573101305E-08 -9.000549321E+01
4.538348156E-08 2.573101305E-08 -8.995605435E+01
4.532206954E-08 2.578952274E-08 -9.005493206E+01
4.526065752E-08 2.574867635E-08 -8.998352038E+01
4.519924550E-08 2.576523570E-08 -9.001647962E+01
4.513783348E-08 2.572107745E-08 -9.004394565E+01
4.507642147E-08 2.573984470E-08 -9.002197282E+01
4.501500945E-08 2.572659723E-08 -8.995605435E+01
4.495359743E-08 2.572990910E-08 -8.997253397E+01
4.489218541E-08 2.573322097E-08 -8.994506794E+01
4.483077339E-08 2.574315657E-08 -8.990661550E+01
4.476936137E-08 2.574978031E-08 -8.995056115E+01
4.470794936E-08 2.571776558E-08 -9.002197282E+01
4.464653734E-08 2.572328536E-08 -8.997802718E+01
4.458512532E-08 2.574094866E-08 -9.004394565E+01
4.452371330E-08 2.571114184E-08 -9.008789130E+01
4.446230128E-08 2.574867635E-08 -9.010437091E+01
4.440088926E-08 2.573874075E-08 -9.007690488E+01
4.433947725E-08 2.574536449E-08 -9.004943885E+01
4.427806523E-08 2.572218140E-08 -9.001647962E+01
4.421665321E-08 2.572549327E-08 -9.007141168E+01
4.415524119E-08 2.573101305E-08 -8.994506794E+01
4.409382917E-08 2.574426053E-08 -8.990661550E+01
4.403241715E-08 2.577848317E-08 -8.992309512E+01
4.397100514E-08 2.577627526E-08 -9.004394565E+01
4.390959312E-08 2.575530009E-08 -9.003845244E+01
4.384818110E-08 2.571334975E-08 -9.021972824E+01
4.378676908E-08 2.575088427E-08 -9.017028939E+01
4.372535706E-08 2.577406735E-08 -9.010437091E+01
4.366394504E-08 2.575088427E-08 -9.006042527E+01
4.360253303E-08 2.574646844E-08 -8.995056115E+01
4.354112101E-08 2.573211701E-08 -9.007141168E+01
4.347970899E-08 2.575640405E-08 -9.001647962E+01
4.341829697E-08 2.574978031E-08 -9.001098641E+01
4.335688495E-08 2.575640405E-08 -8.984069703E+01
4.329547293E-08 2.576192383E-08 -8.990661550E+01
4.323406092E-08 2.578179504E-08 -8.990661550E+01
4.317264890E-08 2.576854757E-08 -8.996154756E+01
4.311123688E-08 2.573211701E-08 -8.999450679E+01
4.304982486E-08 2.571997349E-08 -8.999450679E+01
4.298841284E-08 2.572328536E-08 -9.001098641E+01
4.292700082E-08 2.575198822E-08 -9.008789130E+01
4.286558881E-08 2.571776558E-08 -9.017028939E+01
4.280417679E-08 2.571666162E-08 -9.009887771E+01
4.274276477E-08 2.574426053E-08 -9.007141168E+01
4.268135275E-08 2.573432492E-08 -8.994506794E+01
4.261994073E-08 2.572770119E-08 -8.992309512E+01
4.255852871E-08 2.574426053E-08 -8.993957473E+01
4.249711669E-08 2.576302779E-08 -8.995056115E+01
4.243570468E-08 2.579173065E-08 -8.994506794E+01
4.237429266E-08 2.575861196E-08 -9.014282336E+01
4.231288064E-08 2.575640405E-08 -9.012085053E+01
4.225146862E-08 2.573322097E-08 -9.011535733E+01
4.219005660E-08 2.573653284E-08 -9.001647962E+01
4.212864458E-08 2.573432492E-08 -9.005493206E+01
4.206723257E-08 2.575640405E-08 -9.002197282E+01
4.200582055E-08 2.573211701E-08 -9.007690488E+01
4.194440853E-08 2.569789437E-08 -9.006042527E+01
4.188299651E-08 2.571886953E-08 -9.001098641E+01
4.182158449E-08 2.571886953E-08 -8.991760191E+01
4.176017247E-08 2.571114184E-08 -8.988464267E+01
4.169876046E-08 2.574757240E-08 -8.995605435E+01
4.163734844E-08 2.578400296E-08 -9.008789130E+01
4.157593642E-08 2.573432492E-08 -9.009887771E+01
4.151452440E-08 2.572880514E-08 -9.012634374E+01
4.145311238E-08 2.573322097E-08 -9.009887771E+01
4.139170036E-08 2.573211701E-08 -9.007141168E+01
4.133028835E-08 2.575640405E-08 -9.008239809E+01
4.126887633E-08 2.573322097E-08 -8.995056115E+01
4.120746431E-08 2.578069109E-08 -9.008239809E+01
4.114605229E-08 2.577075548E-08 -9.003295924E+01
4.108464027E-08 2.578179504E-08 -9.005493206E+01
4.102322825E-08 2.574978031E-08 -8.997253397E+01
4.096181624E-08 2.575088427E-08 -8.993408153E+01
4.090040422E-08 2.575750800E-08 -9.002197282E+01
4.083899220E-08 2.577958713E-08 -9.000549321E+01
4.077758018E-08 2.575530009E-08 -9.002746603E+01
4.071616816E-08 2.574205262E-08 -9.004943885E+01
4.065475614E-08 2.569899832E-08 -8.998352038E+01
4.059334413E-08 2.571666162E-08 -8.998352038E+01
4.053193211E-08 2.571997349E-08 -9.002197282E+01
4.047052009E-08 2.566367172E-08 -9.007141168E+01
4.040910807E-08 2.567691920E-08 -9.006591847E+01
4.034769605E-08 2.574646844E-08 -9.002197282E+01
4.028628403E-08 2.580056230E-08 -8.995056115E+01
4.022487202E-08 2.576302779E-08 -9.005493206E+01
4.016346000E-08 2.575309218E-08 -9.010986412E+01
4.010204798E-08 2.576192383E-08 -9.021423503E+01
4.004063596E-08 2.574426053E-08 -9.010986412E+01
3.997922394E-08 2.576744361E-08 -9.001647962E+01
3.991781192E-08 2.580277021E-08 -9.000000000E+01
3.985639991E-08 2.577075548E-08 -8.997253397E+01
3.979498789E-08 2.575530009E-08 -8.996154756E+01
3.973357587E-08 2.573432492E-08 -8.990112229E+01
3.967216385E-08 2.575640405E-08 -8.999450679E+01
3.961075183E-08 2.580277021E-08 -8.998901359E+01
3.954933981E-08 2.577958713E-08 -9.004394565E+01
3.948792780E-08 2.571666162E-08 -9.010437091E+01
3.942651578E-08 2.572549327E-08 -9.000000000E+01
3.936510376E-08 2.573432492E-08 -8.991760191E+01
3.930369174E-08 2.573211701E-08 -8.991210870E+01
3.924227972E-08 2.574205262E-08 -8.995056115E+01
3.918086770E-08 2.577406735E-08 -9.000549321E+01
3.911945569E-08 2.573432492E-08 -9.001098641E+01
3.905804367E-08 2.573101305E-08 -9.000549321E+01
3.899663165E-08 2.572328536E-08 -9.007690488E+01
3.893521963E-08 2.571334975E-08 -9.009887771E+01
3.887380761E-08 2.570672602E-08 -9.011535733E+01
3.881239559E-08 2.572770119E-08 -9.002197282E+01
3.875098358E-08 2.573101305E-08 -8.992858832E+01
3.868957156E-08 2.573542888E-08 -8.994506794E+01
3.862815954E-08 2.578510691E-08 -8.998901359E+01
3.856674752E-08 2.576744361E-08 -9.004394565E+01
3.850533550E-08 2.574646844E-08 -8.995605435E+01
3.844392348E-08 2.571334975E-08 -8.992858832E+01
3.838251147E-08 2.571114184E-08 -9.004943885E+01
3.832109945E-08 2.568354293E-08 -9.005493206E+01
3.825968743E-08 2.575088427E-08 -9.015930297E+01
3.819827541E-08 2.571997349E-08 -9.004943885E+01
3.813686339E-08 2.570231019E-08 -9.010986412E+01
3.807545137E-08 2.570893393E-08 -9.004943885E+01
3.801403936E-08 2.570451810E-08 -9.004943885E+01
3.795262734E-08 2.569568645E-08 -9.008789130E+01
3.789121532E-08 2.576523570E-08 -9.008789130E+01
3.782980330E-08 2.572218140E-08 -9.007141168E+01
3.776839128E-08 2.569568645E-08 -8.999450679E+01
3.770697926E-08 2.572880514E-08 -9.001647962E+01
3.764556725E-08 2.575088427E-08 -8.990661550E+01
3.758415523E-08 2.575750800E-08 -8.994506794E+01
3.752274321E-08 2.576854757E-08 -8.991760191E+01
3.746133119E-08 2.576302779E-08 -8.992858832E+01
3.739991917E-08 2.573101305E-08 -9.003295924E+01
3.733850715E-08 2.575861196E-08 -8.996154756E+01
3.727709514E-08 2.572770119E-08 -8.997802718E+01
3.721568312E-08 2.574205262E-08 -8.998901359E+01
3.715427110E-08 2.572770119E-08 -9.008239809E+01
3.709285908E-08 2.572107745E-08 -9.003295924E+01
3.703144706E-08 2.571445371E-08 -9.008789130E+01
3.697003504E-08 2.571886953E-08 -9.015930297E+01
3.690862303E-08 2.572990910E-08 -9.012085053E+01
3.684721101E-08 2.571334975E-08 -9.008239809E+01
3.678579899E-08 2.573542888E-08 -9.007141168E+01
3.672438697E-08 2.572990910E-08 -9.009887771E+01
3.666297495E-08 2.570010228E-08 -9.008789130E+01
3.660156293E-08 2.570341415E-08 -9.004943885E+01
3.654015092E-08 2.569899832E-08 -9.003845244E+01
3.647873890E-08 2.575309218E-08 -9.006042527E+01
3.641732688E-08 2.572770119E-08 -8.996704076E+01
3.635591486E-08 2.574978031E-08 -9.001647962E+01
3.629450284E-08 2.577848317E-08 -9.001647962E+01
3.623309082E-08 2.579173065E-08 -9.007690488E+01
3.617167881E-08 2.574205262E-08 -9.016479618E+01
3.611026679E-08 2.571445371E-08 -9.012085053E+01
3.604885477E-08 2.569789437E-08 -9.006591847E+01
3.598744275E-08 2.575419614E-08 -9.004943885E+01
3.592603073E-08 2.578400296E-08 -9.009338450E+01
3.586461871E-08 2.576523570E-08 -9.002197282E+01
3.580320670E-08 2.579283461E-08 -9.001647962E+01
3.574179468E-08 2.579725043E-08 -9.002746603E+01
3.568038266E-08 2.576523570E-08 -8.999450679E+01
3.561897064E-08 2.574426053E-08 -9.000549321E+01
3.555755862E-08 2.568795876E-08 -9.000000000E+01
3.549614660E-08 2.569458250E-08 -8.997253397E+01
3.543473459E-08 2.573874075E-08 -9.000549321E+01
3.537332257E-08 2.572990910E-08 -9.000549321E+01
3.531191055E-08 2.577185944E-08 -8.989562909E+01
3.525049853E-08 2.572549327E-08 -9.003845244E+01
3.518908651E-08 2.575750800E-08 -9.004943885E+01
3.512767449E-08 2.570893393E-08 -9.003295924E+01
3.506626248E-08 2.568795876E-08 -9.001647962E+01
3.500485046E-08 2.569237458E-08 -9.006591847E+01
3.494343844E-08 2.571776558E-08 -9.012634374E+01
3.488202642E-08 2.572107745E-08 -9.000549321E+01
3.482061440E-08 2.573984470E-08 -9.003295924E+01
3.475920238E-08 2.571224580E-08 -8.993957473E+01
3.469779037E-08 2.569568645E-08 -8.996704076E+01
3.463637835E-08 2.568354293E-08 -8.998352038E+01
3.457496633E-08 2.568685480E-08 -9.001098641E+01
3.451355431E-08 2.571003788E-08 -9.005493206E+01
3.445214229E-08 2.571114184E-08 -9.006042527E+01
3.439073027E-08 2.573763679E-08 -9.001098641E+01
3.432931826E-08 2.578952274E-08 -9.006042527E+01
3.426790624E-08 2.577075548E-08 -8.998901359E+01
3.420649422E-08 2.574978031E-08 -9.009338450E+01
3.414508220E-08 2.577296339E-08 -9.009887771E+01
3.408367018E-08 2.575530009E-08 -9.015930297E+01
3.402225816E-08 2.579173065E-08 -9.012634374E+01
3.396084614E-08 2.576633966E-08 -9.019775542E+01
3.389943413E-08 2.572107745E-08 -9.015380977E+01
3.383802211E-08 2.569899832E-08 -9.009887771E+01
3.377661009E-08 2.570562206E-08 -9.009887771E+01
3.371519807E-08 2.574094866E-08 -9.006591847E+01
3.365378605E-08 2.573322097E-08 -8.996704076E+01
3.359237403E-08 2.575198822E-08 -8.998352038E+01
3.353096202E-08 2.576744361E-08 -9.003295924E+01
3.346955000E-08 2.572107745E-08 -9.007690488E+01
3.340813798E-08 2.572659723E-08 -9.001098641E+01
3.334672596E-08 2.573432492E-08 -9.005493206E+01
3.328531394E-08 2.574757240E-08 -8.998352038E+01
3.322390192E-08 2.574094866E-08 -9.002746603E+01
3.316248991E-08 2.573763679E-08 -9.003845244E+01
3.310107789E-08 2.573763679E-08 -9.006042527E+01
3.303966587E-08 2.575309218E-08 -9.001098641E+01
3.297825385E-08 2.573432492E-08 -9.003295924E+01
3.291684183E-08 2.573322097E-08 -8.991760191E+01
3.285542981E-08 2.570672602E-08 -8.998352038E+01
3.279401780E-08 2.569789437E-08 -9.003845244E+01
3.273260578E-08 2.571003788E-08 -9.009887771E+01
3.267119376E-08 2.572328536E-08 -9.001647962E+01
3.260978174E-08 2.572990910E-08 -8.999450679E+01
3.254836972E-08 2.569347854E-08 -9.010986412E+01
3.248695770E-08 2.571003788E-08 -9.006042527E+01
3.242554569E-08 2.571555767E-08 -9.006042527E+01
3.236413367E-08 2.572880514E-08 -8.999450679E+01
3.230272165E-08 2.572218140E-08 -8.996154756E+01
3.224130963E-08 2.579283461E-08 -8.993957473E+01
3.217989761E-08 2.573874075E-08 -9.001647962E+01
3.211848559E-08 2.573653284E-08 -8.998901359E+01
3.205707358E-08 2.573211701E-08 -8.991210870E+01
3.199566156E-08 2.571224580E-08 -8.986266985E+01
3.193424954E-08 2.568133502E-08 -8.998352038E+01
3.187283752E-08 2.571224580E-08 -8.997802718E+01
3.181142550E-08 2.572770119E-08 -8.993957473E+01
3.175001348E-08 2.575309218E-08 -8.995056115E+01
3.168860147E-08 2.574205262E-08 -8.998901359E+01
3.162718945E-08 2.573542888E-08 -8.996154756E+01
3.156577743E-08 2.572880514E-08 -8.993957473E+01
3.150436541E-08 2.570010228E-08 -9.004394565E+01
3.144295339E-08 2.569347854E-08 -8.998901359E+01
3.138154137E-08 2.568243898E-08 -9.004394565E+01
3.132012936E-08 2.569679041E-08 -8.999450679E+01
3.125871734E-08 2.571003788E-08 -9.007690488E+01
3.119730532E-08 2.571003788E-08 -9.012085053E+01
3.113589330E-08 2.571997349E-08 -9.019775542E+01
3.107448128E-08 2.567912711E-08 -9.008239809E+01
3.101306926E-08 2.567581524E-08 -9.008789130E+01
3.095165725E-08 2.572549327E-08 -9.012634374E+01
3.089024523E-08 2.569016667E-08 -9.005493206E+01
3.082883321E-08 2.569016667E-08 -9.006591847E+01
3.076742119E-08 2.570341415E-08 -9.004394565E+01
3.070600917E-08 2.570120623E-08 -8.998901359E+01
3.064459715E-08 2.566367172E-08 -8.998352038E+01
3.058318514E-08 2.568575085E-08 -8.991210870E+01
3.052177312E-08 2.570893393E-08 -9.001098641E+01
3.046036110E-08 2.572107745E-08 -9.000000000E+01
3.039894908E-08 2.575971592E-08 -9.008239809E+01
3.033753706E-08 2.579393856E-08 -9.005493206E+01
3.027612504E-08 2.575530009E-08 -8.999450679E+01
3.021471303E-08 2.572549327E-08 -9.003845244E+01
3.015330101E-08 2.571114184E-08 -9.012085053E+01
3.009188899E-08 2.570672602E-08 -8.997802718E+01
3.003047697E-08 2.569016667E-08 -8.985168344E+01
2.996906495E-08 2.576854757E-08 -8.985168344E+01
2.990765293E-08 2.572438932E-08 -9.000549321E+01
2.984624092E-08 2.576192383E-08 -9.004943885E+01
2.978482890E-08 2.572990910E-08 -9.011535733E+01
2.972341688E-08 2.571555767E-08 -9.010437091E+01
2.966200486E-08 2.570562206E-08 -9.014282336E+01
2.960059284E-08 2.569568645E-08 -9.006042527E+01
2.953918082E-08 2.576081987E-08 -9.007141168E+01
2.947776881E-08 2.574094866E-08 -9.003845244E+01
2.941635679E-08 2.578731482E-08 -8.998901359E+01
2.935494477E-08 2.573874075E-08 -9.002197282E+01
2.929353275E-08 2.577185944E-08 -9.000549321E+01
2.923212073E-08 2.578289900E-08 -9.007141168E+01
2.917070871E-08 2.576965152E-08 -9.004394565E+01
2.910929670E-08 2.572549327E-08 -8.997802718E+01
2.904788468E-08 2.571445371E-08 -9.002746603E+01
2.898647266E-08 2.574978031E-08 -9.004394565E+01
2.892506064E-08 2.574315657E-08 -9.004394565E+01
2.886364862E-08 2.576081987E-08 -9.000000000E+01
2.880223660E-08 2.578952274E-08 -9.013733015E+01
2.874082459E-08 2.577737922E-08 -9.012085053E+01
2.867941257E-08 2.575088427E-08 -9.003295924E+01
2.861800055E-08 2.570451810E-08 -8.996704076E+01
2.855658853E-08 2.573653284E-08 -8.993957473E+01
2.849517651E-08 2.573874075E-08 -9.000000000E+01
2.843376449E-08 2.576081987E-08 -9.002746603E+01
2.837235248E-08 2.573984470E-08 -9.010437091E+01
2.831094046E-08 2.570782997E-08 -9.002197282E+01
2.824952844E-08 2.568023106E-08 -8.997253397E+01
2.818811642E-08 2.568906272E-08 -8.995056115E+01
2.812670440E-08 2.571886953E-08 -9.007141168E+01
2.806529238E-08 2.574757240E-08 -8.991760191E+01
2.800388037E-08 2.575861196E-08 -9.002746603E+01
2.794246835E-08 2.571224580E-08 -9.010437091E+01
2.788105633E-08 2.571114184E-08 -9.017028939E+01
2.781964431E-08 2.574205262E-08 -9.003295924E+01
2.775823229E-08 2.573653284E-08 -9.001647962E+01
2.769682027E-08 2.576081987E-08 -9.006591847E+01
2.763540826E-08 2.576523570E-08 -9.004943885E+01
2.757399624E-08 2.573211701E-08 -9.006591847E+01
2.751258422E-08 2.575971592E-08 -9.013733015E+01
2.745117220E-08 2.575309218E-08 -9.018127580E+01
2.738976018E-08 2.579614647E-08 -9.000549321E+01
2.732834816E-08 2.578841878E-08 -9.007141168E+01
2.726693615E-08 2.575971592E-08 -9.004394565E+01
2.720552413E-08 2.577627526E-08 -9.002746603E+01
2.714411211E-08 2.576523570E-08 -9.002746603E+01
2.708270009E-08 2.571997349E-08 -9.011535733E+01
2.702128807E-08 2.573763679E-08 -9.005493206E+01
2.695987605E-08 2.572107745E-08 -9.004943885E+01
2.689846404E-08 2.568575085E-08 -9.009887771E+01
2.683705202E-08 2.568243898E-08 -9.010986412E+01
2.677564000E-08 2.569237458E-08 -9.011535733E+01
2.671422798E-08 2.572328536E-08 -9.008239809E+01
2.665281596E-08 2.574757240E-08 -9.011535733E+01
2.659140394E-08 2.577296339E-08 -9.006591847E+01
2.652999193E-08 2.572107745E-08 -9.006591847E+01
2.646857991E-08 2.571666162E-08 -9.011535733E+01
2.640716789E-08 2.569127063E-08 -9.012634374E+01
2.634575587E-08 2.571114184E-08 -9.000549321E+01
2.628434385E-08 2.570782997E-08 -9.003295924E+01
2.622293183E-08 2.571776558E-08 -9.008239809E+01
2.616151982E-08 2.572218140E-08 -9.012085053E+01
2.610010780E-08 2.568685480E-08 -9.012634374E+01
2.603869578E-08 2.571997349E-08 -9.014831656E+01
2.597728376E-08 2.573763679E-08 -9.013733015E+01
2.591587174E-08 2.571003788E-08 -9.001647962E+01
2.585445972E-08 2.576523570E-08 -9.000000000E+01
2.579304771E-08 2.573432492E-08 -9.009338450E+01
2.573163569E-08 2.575861196E-08 -9.002197282E+01
2.567022367E-08 2.577958713E-08 -9.004394565E+01
2.560881165E-08 2.575750800E-08 -9.003295924E+01
2.554739963E-08 2.572438932E-08 -9.007141168E+01
2.548598761E-08 2.570562206E-08 -9.010437091E+01
2.542457559E-08 2.569789437E-08 -9.005493206E+01
2.536316358E-08 2.571445371E-08 -9.013733015E+01
2.530175156E-08 2.572880514E-08 -9.008789130E+01
2.524033954E-08 2.571224580E-08 -9.003295924E+01
2.517892752E-08 2.572880514E-08 -9.012634374E+01
2.511751550E-08 2.574426053E-08 -9.013733015E+01
2.505610348E-08 2.577737922E-08 -9.016479618E+01
2.499469147E-08 2.575971592E-08 -9.002197282E+01
2.493327945E-08 2.574867635E-08 -9.008789130E+01
2.487186743E-08 2.575088427E-08 -9.007141168E+01
2.481045541E-08 2.573542888E-08 -9.012085053E+01
2.474904339E-08 2.574867635E-08 -9.004943885E+01
2.468763137E-08 2.572770119E-08 -9.004943885E+01
2.462621936E-08 2.571114184E-08 -9.006591847E+01
2.456480734E-08 2.569568645E-08 -9.010986412E+01
2.450339532E-08 2.572328536E-08 -9.014831656E+01
2.444198330E-08 2.569789437E-08 -9.009338450E+01
2.438057128E-08 2.572218140E-08 -9.014831656E+01
2.431915926E-08 2.570231019E-08 -9.019775542E+01
2.425774725E-08 2.569347854E-08 -9.014282336E+01
2.419633523E-08 2.569789437E-08 -9.012634374E+01
2.413492321E-08 2.571003788E-08 -9.007690488E+01
2.407351119E-08 2.571114184E-08 -9.002746603E+01
2.401209917E-08 2.567360733E-08 -9.008789130E+01
2.395068715E-08 2.571776558E-08 -9.011535733E+01
2.388927514E-08 2.575419614E-08 -9.013183694E+01
2.382786312E-08 2.570231019E-08 -9.017028939E+01
2.376645110E-08 2.570451810E-08 -9.000000000E+01
2.370503908E-08 2.565815194E-08 -8.993408153E+01
2.364362706E-08 2.569016667E-08 -8.998901359E+01
2.358221504E-08 2.572107745E-08 -9.013183694E+01
2.352080303E-08 2.573432492E-08 -9.003845244E+01
2.345939101E-08 2.571555767E-08 -9.002197282E+01
2.339797899E-08 2.571776558E-08 -8.996154756E+01
2.333656697E-08 2.575971592E-08 -8.997802718E+01
2.327515495E-08 2.576302779E-08 -8.997253397E+01
2.321374293E-08 2.574646844E-08 -8.989013588E+01
2.315233092E-08 2.571224580E-08 -8.991210870E+01
2.309091890E-08 2.571224580E-08 -8.986266985E+01
2.302950688E-08 2.574315657E-08 -8.987914947E+01
2.296809486E-08 2.576633966E-08 -8.989562909E+01
2.290668284E-08 2.573874075E-08 -9.001098641E+01
2.284527082E-08 2.576854757E-08 -9.009887771E+01
2.278385881E-08 2.575750800E-08 -9.014282336E+01
2.272244679E-08 2.574536449E-08 -9.007141168E+01
2.266103477E-08 2.573874075E-08 -9.002746603E+01
2.259962275E-08 2.573763679E-08 -8.998352038E+01
2.253821073E-08 2.570231019E-08 -8.995056115E+01
2.247679871E-08 2.569127063E-08 -8.988464267E+01
2.241538670E-08 2.570341415E-08 -8.995056115E+01
2.235397468E-08 2.570231019E-08 -9.012085053E+01
2.229256266E-08 2.570231019E-08 -9.007141168E+01
2.223115064E-08 2.570672602E-08 -9.005493206E+01
2.216973862E-08 2.572990910E-08 -9.009338450E+01
2.210832660E-08 2.573984470E-08 -9.012085053E+01
2.204691459E-08 2.573101305E-08 -9.007141168E+01
2.198550257E-08 2.570782997E-08 -9.007141168E+01
2.192409055E-08 2.573542888E-08 -9.002197282E+01
2.186267853E-08 2.576965152E-08 -9.003295924E+01
2.180126651E-08 2.576633966E-08 -9.015380977E+01
2.173985449E-08 2.575530009E-08 -9.010986412E+01
2.167844248E-08 2.576192383E-08 -9.012634374E+01
2.161703046E-08 2.574867635E-08 -9.010437091E+01
2.155561844E-08 2.579393856E-08 -9.006591847E+01
2.149420642E-08 2.573432492E-08 -9.007141168E+01
2.143279440E-08 2.572770119E-08 -8.991210870E+01
2.137138238E-08 2.573763679E-08 -9.000000000E+01
2.130997037E-08 2.571334975E-08 -9.002197282E+01
2.124855835E-08 2.572328536E-08 -9.004394565E+01
2.118714633E-08 2.573101305E-08 -9.007690488E+01
2.112573431E-08 2.578952274E-08 -9.004943885E+01
2.106432229E-08 2.578841878E-08 -9.002746603E+01
2.100291027E-08 2.575750800E-08 -9.004394565E+01
2.094149826E-08 2.577296339E-08 -9.012085053E+01
2.088008624E-08 2.574315657E-08 -9.007690488E+01
2.081867422E-08 2.570893393E-08 -9.007141168E+01
2.075726220E-08 2.572549327E-08 -9.009338450E+01
2.069585018E-08 2.571224580E-08 -9.001647962E+01
2.063443816E-08 2.569016667E-08 -9.001098641E+01
2.057302615E-08 2.576744361E-08 -8.992858832E+01
2.051161413E-08 2.577627526E-08 -8.993408153E+01
2.045020211E-08 2.577185944E-08 -9.003845244E+01
2.038879009E-08 2.569789437E-08 -9.015380977E+01
2.032737807E-08 2.571555767E-08 -9.007690488E+01
2.026596605E-08 2.577296339E-08 -9.006591847E+01
2.020455404E-08 2.576965152E-08 -9.006591847E+01
2.014314202E-08 2.572438932E-08 -9.008239809E+01
2.008173000E-08 2.572549327E-08 -8.999450679E+01
2.002031798E-08 2.572438932E-08 -9.001647962E+01
1.995890596E-08 2.568795876E-08 -8.995605435E+01
1.989749394E-08 2.566698359E-08 -9.003295924E+01
1.983608193E-08 2.569458250E-08 -8.999450679E+01
1.977466991E-08 2.573432492E-08 -9.009338450E+01
1.971325789E-08 2.576081987E-08 -9.002746603E+01
1.965184587E-08 2.575309218E-08 -9.007141168E+01
1.959043385E-08 2.572107745E-08 -9.008789130E+01
1.952902183E-08 2.571555767E-08 -9.004394565E+01
1.946760982E-08 2.571003788E-08 -9.007141168E+01
1.940619780E-08 2.570451810E-08 -9.008239809E+01
1.934478578E-08 2.570562206E-08 -8.999450679E+01
1.928337376E-08 2.568906272E-08 -9.018127580E+01
1.922196174E-08 2.566367172E-08 -9.019775542E+01
1.916054972E-08 2.573542888E-08 -9.013733015E+01
1.909913771E-08 2.569347854E-08 -9.009338450E+01
1.903772569E-08 2.569458250E-08 -9.000000000E+01
1.897631367E-08 2.567802315E-08 -8.992309512E+01
1.891490165E-08 2.568133502E-08 -8.998352038E+01
1.885348963E-08 2.572880514E-08 -8.995605435E+01
1.879207761E-08 2.575088427E-08 -9.002746603E+01
1.873066560E-08 2.570782997E-08 -9.008239809E+01
1.866925358E-08 2.568795876E-08 -9.006591847E+01
1.860784156E-08 2.568464689E-08 -9.003295924E+01
1.854642954E-08 2.571114184E-08 -9.004394565E+01
1.848501752E-08 2.573874075E-08 -9.005493206E+01
1.842360550E-08 2.572438932E-08 -8.998352038E+01
1.836219349E-08 2.571445371E-08 -8.996154756E+01
1.830078147E-08 2.569458250E-08 -8.989562909E+01
1.823936945E-08 2.569127063E-08 -8.988464267E+01
1.817795743E-08 2.562724116E-08 -8.992858832E+01
1.811654541E-08 2.570341415E-08 -8.996704076E+01
1.805513339E-08 2.572438932E-08 -9.009887771E+01
1.799372138E-08 2.573322097E-08 -9.000000000E+01
1.793230936E-08 2.576523570E-08 -9.002197282E+01
1.787089734E-08 2.573322097E-08 -9.007690488E+01
1.780948532E-08 2.570562206E-08 -8.998901359E+01
1.774807330E-08 2.569458250E-08 -8.999450679E+01
1.768666128E-08 2.567139941E-08 -9.006042527E+01
1.762524927E-08 2.571445371E-08 -8.999450679E+01
1.756383725E-08 2.564932029E-08 -9.001098641E+01
1.750242523E-08 2.570120623E-08 -9.002197282E+01
1.744101321E-08 2.571114184E-08 -9.003845244E+01
1.737960119E-08 2.568575085E-08 -9.003845244E+01
1.731818917E-08 2.566698359E-08 -9.003295924E+01
1.725677716E-08 2.565704798E-08 -9.002746603E+01
1.719536514E-08 2.568795876E-08 -8.995056115E+01
1.713395312E-08 2.570120623E-08 -8.996704076E+01
1.707254110E-08 2.575750800E-08 -9.001647962E+01
1.701112908E-08 2.575088427E-08 -9.004943885E+01
1.694971706E-08 2.574536449E-08 -9.004943885E+01
1.688830504E-08 2.577075548E-08 -9.012634374E+01
1.682689303E-08 2.574867635E-08 -9.006042527E+01
1.676548101E-08 2.572770119E-08 -9.006591847E+01
1.670406899E-08 2.572549327E-08 -9.014831656E+01
1.664265697E-08 2.569458250E-08 -9.012085053E+01
1.658124495E-08 2.571003788E-08 -9.006042527E+01
1.651983293E-08 2.570231019E-08 -9.007690488E+01
1.645842092E-08 2.574867635E-08 -9.008789130E+01
1.639700890E-08 2.577296339E-08 -9.007141168E+01
1.633559688E-08 2.573984470E-08 -9.005493206E+01
1.627418486E-08 2.575750800E-08 -9.006042527E+01
1.621277284E-08 2.574205262E-08 -9.006042527E+01
1.615136082E-08 2.571114184E-08 -9.010437091E+01
1.608994881E-08 2.571003788E-08 -9.008789130E+01
1.602853679E-08 2.571776558E-08 -9.005493206E+01
1.596712477E-08 2.573763679E-08 -9.008239809E+01
1.590571275E-08 2.574646844E-08 -9.002746603E+01
1.584430073E-08 2.574757240E-08 -9.006591847E+01
1.578288871E-08 2.574978031E-08 -9.010437091E+01
1.572147670E-08 2.571776558E-08 -9.010986412E+01
1.566006468E-08 2.569679041E-08 -9.013733015E+01
1.559865266E-08 2.573101305E-08 -9.008239809E+01
1.553724064E-08 2.571114184E-08 -9.011535733E+01
1.547582862E-08 2.572218140E-08 -9.009887771E+01
1.541441660E-08 2.569127063E-08 -9.010437091E+01
1.535300459E-08 2.568023106E-08 -9.013183694E+01
1.529159257E-08 2.570782997E-08 -9.012085053E+01
1.523018055E-08 2.570451810E-08 -9.009887771E+01
1.516876853E-08 2.568906272E-08 -9.011535733E+01
1.510735651E-08 2.571666162E-08 -9.015930297E+01
1.504594449E-08 2.571445371E-08 -9.003845244E+01
1.498453248E-08 2.568906272E-08 -9.004394565E+01
1.492312046E-08 2.568023106E-08 -9.002197282E+01
1.486170844E-08 2.572770119E-08 -9.002197282E+01
1.480029642E-08 2.576413174E-08 -9.005493206E+01
1.473888440E-08 2.573653284E-08 -9.003845244E+01
1.467747238E-08 2.574315657E-08 -9.003845244E+01
1.461606037E-08 2.573101305E-08 -9.010437091E+01
1.455464835E-08 2.571666162E-08 -9.006591847E+01
1.449323633E-08 2.573874075E-08 -9.003845244E+01
1.443182431E-08 2.569789437E-08 -9.009887771E+01
1.437041229E-08 2.568795876E-08 -9.007690488E+01
1.430900027E-08 2.569458250E-08 -9.009887771E+01
1.424758826E-08 2.571334975E-08 -9.002746603E+01
1.418617624E-08 2.569568645E-08 -9.002746603E+01
1.412476422E-08 2.570341415E-08 -9.008239809E+01
1.406335220E-08 2.568243898E-08 -9.002197282E+01
1.400194018E-08 2.576081987E-08 -9.001098641E+01
1.394052816E-08 2.575971592E-08 -9.008789130E+01
1.387911615E-08 2.576302779E-08 -9.013183694E+01
1.381770413E-08 2.572990910E-08 -9.020874183E+01
1.375629211E-08 2.571666162E-08 -9.013183694E+01
1.369488009E-08 2.573653284E-08 -9.005493206E+01
1.363346807E-08 2.573211701E-08 -9.008789130E+01
1.357205605E-08 2.575419614E-08 -9.013733015E+01
1.351064404E-08 2.571997349E-08 -9.014831656E+01
1.344923202E-08 2.570672602E-08 -9.018676900E+01
1.338782000E-08 2.571886953E-08 -9.009887771E+01
1.332640798E-08 2.573432492E-08 -9.010986412E+01
1.326499596E-08 2.574757240E-08 -9.004394565E+01
1.320358394E-08 2.573542888E-08 -9.011535733E+01
1.314217193E-08 2.574867635E-08 -9.005493206E+01
1.308075991E-08 2.575971592E-08 -9.007141168E+01
1.301934789E-08 2.579173065E-08 -9.003295924E+01
1.295793587E-08 2.576744361E-08 -9.010986412E+01
1.289652385E-08 2.575419614E-08 -9.009887771E+01
1.283511183E-08 2.575971592E-08 -9.013183694E+01
1.277369982E-08 2.572107745E-08 -9.015930297E+01
1.271228780E-08 2.571555767E-08 -9.025268748E+01
1.265087578E-08 2.572328536E-08 -9.015380977E+01
1.258946376E-08 2.573653284E-08 -9.008239809E+01
1.252805174E-08 2.572990910E-08 -9.007141168E+01
1.246663972E-08 2.575419614E-08 -9.004394565E+01
1.240522771E-08 2.574094866E-08 -9.013733015E+01
1.234381569E-08 2.571003788E-08 -9.007690488E+01
1.228240367E-08 2.571997349E-08 -9.009887771E+01
1.222099165E-08 2.567802315E-08 -9.019775542E+01
1.215957963E-08 2.573101305E-08 -9.010437091E+01
1.209816761E-08 2.571114184E-08 -9.005493206E+01
1.203675560E-08 2.572438932E-08 -9.013733015E+01
1.197534358E-08 2.571114184E-08 -9.010437091E+01
1.191393156E-08 2.569127063E-08 -9.009887771E+01
1.185251954E-08 2.571555767E-08 -9.006042527E+01
1.179110752E-08 2.571776558E-08 -9.001098641E+01
1.172969550E-08 2.569127063E-08 -9.012085053E+01
1.166828349E-08 2.568243898E-08 -9.015930297E+01
1.160687147E-08 2.568023106E-08 -9.009887771E+01
1.154545945E-08 2.572659723E-08 -9.018127580E+01
1.148404743E-08 2.575530009E-08 -9.016479618E+01
1.142263541E-08 2.577296339E-08 -9.014282336E+01
1.136122339E-08 2.575750800E-08 -9.014831656E+01
1.129981138E-08 2.575419614E-08 -9.020874183E+01
1.123839936E-08 2.570782997E-08 -9.012634374E+01
1.117698734E-08 2.571445371E-08 -9.018676900E+01
1.111557532E-08 2.569679041E-08 -9.021972824E+01
1.105416330E-08 2.570562206E-08 -9.028564671E+01
1.099275128E-08 2.569127063E-08 -9.015380977E+01
1.093133927E-08 2.572218140E-08 -9.021972824E+01
1.086992725E-08 2.570782997E-08 -9.021972824E+01
1.080851523E-08 2.569899832E-08 -9.024719427E+01
1.074710321E-08 2.568354293E-08 -9.027466030E+01
1.068569119E-08 2.570451810E-08 -9.034057877E+01
1.062427917E-08 2.571555767E-08 -9.025268748E+01
1.056286716E-08 2.575750800E-08 -9.029113992E+01
1.050145514E-08 2.578289900E-08 -9.019226221E+01
1.044004312E-08 2.573874075E-08 -9.030212633E+01
1.037863110E-08 2.571445371E-08 -9.026367389E+01
1.031721908E-08 2.571555767E-08 -9.025818068E+01
1.025580706E-08 2.574757240E-08 -9.032409915E+01
1.019439505E-08 2.575088427E-08 -9.032959236E+01
1.013298303E-08 2.573542888E-08 -9.036804480E+01
1.007157101E-08 2.565815194E-08 -9.034607198E+01
1.001015899E-08 2.567139941E-08 -9.045593610E+01
9.948746972E-09 2.567581524E-08 -9.056030701E+01
9.887334954E-09 2.572328536E-08 -9.062073228E+01
9.825922935E-09 2.567691920E-08 -9.098877708E+01
9.764510917E-09 2.565925590E-08 -9.121399853E+01
9.703098899E-09 2.565042425E-08 -9.122498494E+01
9.641686880E-09 2.556983544E-08 -9.160950936E+01
9.580274862E-09 2.556983544E-08 -9.186769004E+01
9.518862844E-09 2.558197896E-08 -9.228517370E+01
9.457450825E-09 2.552126136E-08 -9.172486668E+01
9.396038807E-09 2.543956860E-08 -9.207643187E+01
9.334626788E-09 2.530157406E-08 -9.296083803E+01
9.273214770E-09 2.521988129E-08 -9.394961511E+01
9.211802752E-09 2.525631185E-08 -9.385623061E+01
9.150390733E-09 2.524196042E-08 -9.405947923E+01
9.088978715E-09 2.520442591E-08 -9.415835694E+01
9.027566697E-09 2.509955006E-08 -9.548771279E+01
8.966154678E-09 2.511279754E-08 -9.563053615E+01
8.904742660E-09 2.502779290E-08 -9.577885271E+01
8.843330642E-09 2.496486739E-08 -9.609196545E+01
8.781918623E-09 2.478271461E-08 -9.755865146E+01
8.720506605E-09 2.475401174E-08 -9.815741091E+01
8.659094587E-09 2.474297218E-08 -9.836065953E+01
8.597682568E-09 2.473303657E-08 -9.855292174E+01
8.536270550E-09 2.468335854E-08 -9.934943661E+01
8.474858532E-09 2.471868514E-08 -9.858588098E+01
8.413446513E-09 2.458179456E-08 -9.779485931E+01
8.352034495E-09 2.436431518E-08 -9.910224234E+01
8.290622477E-09 2.437977056E-08 -9.999214171E+01
8.229210458E-09 2.450562158E-08 -9.992622324E+01
8.167798440E-09 2.442944860E-08 -1.000086213E+02
8.106386422E-09 2.433009253E-08 -1.012665655E+02
8.044974403E-09 2.439964178E-08 -1.014917870E+02
7.983562385E-09 2.436321122E-08 -1.011347286E+02
7.922150367E-09 2.426716702E-08 -1.019971619E+02
7.860738348E-09 2.427268680E-08 -1.019971619E+02
7.799326330E-09 2.415897931E-08 -1.019971619E+02
7.737914312E-09 2.406735093E-08 -1.015192530E+02
7.676502293E-09 2.394039596E-08 -1.027112787E+02
7.615090275E-09 2.391831684E-08 -1.038428791E+02
7.553678256E-09 2.390065354E-08 -1.037275218E+02
7.492266238E-09 2.402098477E-08 -1.036341373E+02
7.430854220E-09 2.387636650E-08 -1.038868248E+02
7.369442201E-09 2.383220825E-08 -1.048865883E+02
7.308030183E-09 2.381896077E-08 -1.048756018E+02
7.246618165E-09 2.386201507E-08 -1.050294116E+02
7.185206146E-09 2.381012912E-08 -1.052820991E+02
7.123794128E-09 2.371077306E-08 -1.045240367E+02
7.062382110E-09 2.354849148E-08 -1.053315379E+02
7.000970091E-09 2.351316488E-08 -1.060786140E+02
6.939558073E-09 2.344803146E-08 -1.055842254E+02
6.878146055E-09 2.330672506E-08 -1.059742430E+02
6.816734036E-09 2.335419518E-08 -1.075068475E+02
6.755322018E-09 2.340828903E-08 -1.075068475E+02
6.693910000E-09 2.336413078E-08 -1.071168299E+02
6.632497981E-09 2.319522547E-08 -1.071442959E+02
6.571085963E-09 2.308593380E-08 -1.082758964E+02
6.509673945E-09 2.310801292E-08 -1.077924942E+02
6.448261926E-09 2.298105795E-08 -1.077870010E+02
6.386849908E-09 2.277130626E-08 -1.089021218E+02
6.325437890E-09 2.282208825E-08 -1.105171244E+02
6.264025871E-09 2.289053354E-08 -1.094844017E+02
6.202613853E-09 2.269513327E-08 -1.095832794E+02
6.141201835E-09 2.266974228E-08 -1.116157656E+02
6.079789816E-09 2.272273218E-08 -1.116816841E+02
6.018377798E-09 2.265870272E-08 -1.105061380E+02
5.956965779E-09 2.254720313E-08 -1.113465985E+02
5.895553761E-09 2.244674311E-08 -1.118794395E+02
5.834141743E-09 2.241472838E-08 -1.123463620E+02
5.772729724E-09 2.241804025E-08 -1.118629599E+02
5.711317706E-09 2.219835295E-08 -1.121980454E+02
5.649905688E-09 2.216413030E-08 -1.143458890E+02
5.588493669E-09 2.226017450E-08 -1.130165331E+02
5.527081651E-09 2.212217996E-08 -1.124067873E+02
5.465669633E-09 2.201509620E-08 -1.133461255E+02
5.404257614E-09 2.197204191E-08 -1.148842232E+02
5.342845596E-09 2.203496742E-08 -1.161696334E+02
5.281433578E-09 2.241362442E-08 -1.152632544E+02
5.220021559E-09 2.274812318E-08 -1.099623106E+02
5.158609541E-09 2.284527133E-08 -1.053919632E+02
5.097197523E-09 2.306606259E-08 -1.032001740E+02
5.035785504E-09 2.329568549E-08 -9.926154532E+01
4.974373486E-09 2.324269559E-08 -9.177430554E+01
4.912961468E-09 2.310470106E-08 -8.868163056E+01
4.851549449E-09 2.319412151E-08 -8.906615498E+01
4.790137431E-09 2.302521620E-08 -8.756101654E+01
4.728725413E-09 2.286624650E-08 -8.324884983E+01
4.667313394E-09 2.277682604E-08 -8.277643411E+01
4.605901376E-09 2.295345904E-08 -8.542965261E+01
4.544489358E-09 2.281656847E-08 -8.567135367E+01
4.483077339E-09 2.258915347E-08 -7.945853769E+01
4.421665321E-09 2.269954910E-08 -8.523189719E+01
4.360253303E-09 2.263993546E-08 -8.286432541E+01
4.298841284E-09 2.252733192E-08 -7.842032175E+01
4.237429266E-09 2.234517913E-08 -7.564625272E+01
4.176017247E-09 2.238381760E-08 -7.829397801E+01
4.114605229E-09 2.239485717E-08 -8.226556595E+01
4.053193211E-09 2.202503181E-08 -7.393786566E+01
3.991781192E-09 2.228004571E-08 -7.622303935E+01
3.930369174E-09 2.228004571E-08 -7.829947122E+01
3.868957156E-09 2.213211557E-08 -7.738759902E+01
3.807545137E-09 2.199522499E-08 -7.835989649E+01
3.746133119E-09 2.192236388E-08 -7.521778265E+01
3.684721101E-09 2.205263072E-08 -7.916190456E+01
3.623309082E-09 2.176449813E-08 -7.680531919E+01
3.561897064E-09 2.163091942E-08 -7.221299897E+01
3.500485046E-09 2.172475570E-08 -7.427844443E+01
3.439073027E-09 2.175787439E-08 -7.254808454E+01
3.377661009E-09 2.154481083E-08 -7.354235482E+01
3.316248991E-09 2.135603430E-08 -6.726911357E+01
3.254836972E-09 2.170267658E-08 -7.528919433E+01
3.193424954E-09 2.149734071E-08 -7.595936546E+01
3.132012936E-09 2.121803977E-08 -7.068588770E+01
3.070600917E-09 2.142889542E-08 -7.172959684E+01
3.009188899E-09 2.134499474E-08 -7.582752852E+01
2.947776881E-09 2.103809489E-08 -7.012558069E+01
2.886364862E-09 2.103809489E-08 -6.738996410E+01
2.824952844E-09 2.121472790E-08 -7.207566882E+01
2.763540826E-09 2.111095601E-08 -7.501453403E+01
2.702128807E-09 2.070801196E-08 -6.859846942E+01
2.640716789E-09 2.079191264E-08 -6.391276471E+01
2.579304771E-09 2.108446106E-08 -7.657460454E+01
2.517892752E-09 2.078749682E-08 -7.186143379E+01
2.456480734E-09 2.055897787E-08 -6.894454140E+01
2.395068715E-09 2.079743242E-08 -7.168565120E+01
2.333656697E-09 2.063625481E-08 -7.176255608E+01
2.272244679E-09 2.045962180E-08 -6.945540956E+01
2.210832660E-09 2.021785537E-08 -6.646710550E+01
2.149420642E-09 2.054352248E-08 -7.185044738E+01
2.088008624E-09 2.032383518E-08 -7.248216607E+01
2.026596605E-09 2.009421227E-08 -6.837874118E+01
1.965184587E-09 2.028078088E-08 -6.691754839E+01
1.903772569E-09 2.031500353E-08 -7.029037687E+01
1.842360550E-09 2.003128676E-08 -6.910933758E+01
1.780948532E-09 2.000479181E-08 -6.664288809E+01
1.719536514E-09 2.020571186E-08 -6.848311210E+01
1.658124495E-09 2.012843492E-08 -7.145493654E+01
1.596712477E-09 1.985796563E-08 -6.779096814E+01
1.535300459E-09 1.981601529E-08 -6.629681611E+01
1.473888440E-09 1.999154434E-08 -7.077927221E+01
1.412476422E-09 1.975419374E-08 -6.981246795E+01
1.351064404E-09 1.934241804E-08 -6.437968722E+01
1.289652385E-09 1.948041258E-08 -6.388529868E+01
1.228240367E-09 1.955106578E-08 -6.890059575E+01
1.166828349E-09 1.927066088E-08 -6.486308934E+01
1.105416330E-09 1.911721096E-08 -6.276468465E+01
1.044004312E-09 1.933137848E-08 -6.323160716E+01
9.825922935E-10 1.935897739E-08 -6.886214331E+01
9.211802752E-10 1.890966718E-08 -6.467632034E+01
8.597682568E-10 1.900239951E-08 -5.983680585E+01
7.983562385E-10 1.925189363E-08 -6.676923183E+01
7.369442201E-10 1.897259269E-08 -6.495098064E+01
6.755322018E-10 1.872972230E-08 -6.139687636E+01
6.141201835E-10 1.890745927E-08 -6.227029611E+01
5.527081651E-10 1.902337468E-08 -6.758771952E+01
4.912961468E-10 1.868556405E-08 -6.411601333E+01
4.298841284E-10 1.850230731E-08 -5.964454364E+01
3.684721101E-10 1.875180143E-08 -6.535747788E+01
3.070600917E-10 1.866127701E-08 -6.590130528E+01
2.456480734E-10 1.825391715E-08 -6.332499166E+01
1.842360550E-10 1.815014526E-08 -5.572788777E+01
1.228240367E-10 1.854756952E-08 -6.162759101E+01
6.141201835E-11 1.829807540E-08 -6.552776727E+01
