piezo amplitude phase
4.943667E-08 2.574757E-08 -9.000000E+01
4.937526E-08 2.569237E-08 -8.997253E+01
4.931385E-08 2.570010E-08 -9.001099E+01
4.925244E-08 2.567802E-08 -9.003845E+01
4.919103E-08 2.564822E-08 -9.006043E+01
4.912961E-08 2.568575E-08 -9.005493E+01
4.906820E-08 2.573432E-08 -9.009888E+01
4.900679E-08 2.571445E-08 -9.006592E+01
4.894538E-08 2.579283E-08 -9.006043E+01
4.888397E-08 2.577296E-08 -9.007690E+01
4.882255E-08 2.574426E-08 -9.002747E+01
4.876114E-08 2.571114E-08 -9.001648E+01
4.869973E-08 2.572108E-08 -9.004395E+01
4.863832E-08 2.571114E-08 -9.006592E+01
4.857691E-08 2.572329E-08 -8.997803E+01
4.851549E-08 2.571445E-08 -8.999451E+01
4.845408E-08 2.576413E-08 -8.996155E+01
4.839267E-08 2.578731E-08 -9.009338E+01
4.833126E-08 2.577517E-08 -9.007141E+01
4.826985E-08 2.580277E-08 -9.013184E+01
4.820843E-08 2.578069E-08 -9.004944E+01
4.814702E-08 2.578621E-08 -8.997253E+01
4.808561E-08 2.578731E-08 -9.000000E+01
4.802420E-08 2.579835E-08 -9.003845E+01
4.796279E-08 2.578952E-08 -9.004395E+01
4.790137E-08 2.575640E-08 -9.009338E+01
4.783996E-08 2.578290E-08 -9.012634E+01
4.777855E-08 2.576082E-08 -9.003845E+01
4.771714E-08 2.571666E-08 -9.001099E+01
4.765573E-08 2.573101E-08 -9.003845E+01
4.759431E-08 2.572881E-08 -8.994507E+01
4.753290E-08 2.573984E-08 -8.994507E+01
4.747149E-08 2.576192E-08 -8.993957E+01
4.741008E-08 2.578069E-08 -8.996704E+01
4.734867E-08 2.576744E-08 -9.000549E+01
4.728725E-08 2.574426E-08 -9.007690E+01
4.722584E-08 2.576634E-08 -9.009338E+01
4.716443E-08 2.574316E-08 -9.001099E+01
4.710302E-08 2.576082E-08 -8.996155E+01
4.704161E-08 2.578952E-08 -8.991760E+01
4.698019E-08 2.575420E-08 -9.003296E+01
4.691878E-08 2.574978E-08 -9.006592E+01
4.685737E-08 2.571997E-08 -8.998352E+01
4.679596E-08 2.570893E-08 -8.994507E+01
4.673455E-08 2.570121E-08 -9.003296E+01
4.667313E-08 2.574205E-08 -9.010437E+01
4.661172E-08 2.575972E-08 -9.010437E+01
4.655031E-08 2.573101E-08 -9.003845E+01
4.648890E-08 2.574647E-08 -9.006592E+01
4.642749E-08 2.573874E-08 -9.002747E+01
4.636607E-08 2.573874E-08 -9.007690E+01
4.630466E-08 2.571887E-08 -9.003296E+01
4.624325E-08 2.572881E-08 -9.003296E+01
4.618184E-08 2.577959E-08 -8.997253E+01
4.612043E-08 2.575640E-08 -9.003845E+01
4.605901E-08 2.574426E-08 -9.007690E+01
4.599760E-08 2.574868E-08 -9.001648E+01
4.593619E-08 2.573764E-08 -8.992859E+01
4.587478E-08 2.573432E-08 -8.996704E+01
4.581337E-08 2.574978E-08 -9.000000E+01
4.575195E-08 2.573874E-08 -9.001648E+01
4.569054E-08 2.572439E-08 -9.000000E+01
4.562913E-08 2.574426E-08 -9.000000E+01
4.556772E-08 2.569789E-08 -9.003845E+01
4.550631E-08 2.571225E-08 -9.008789E+01
4.544489E-08 2.573101E-08 -9.000549E+01
4.538348E-08 2.573101E-08 -8.995605E+01
4.532207E-08 2.578952E-08 -9.005493E+01
4.526066E-08 2.574868E-08 -8.998352E+01
4.519925E-08 2.576524E-08 -9.001648E+01
4.513783E-08 2.572108E-08 -9.004395E+01
4.507642E-08 2.573984E-08 -9.002197E+01
4.501501E-08 2.572660E-08 -8.995605E+01
4.495360E-08 2.572991E-08 -8.997253E+01
4.489219E-08 2.573322E-08 -8.994507E+01
4.483077E-08 2.574316E-08 -8.990662E+01
4.476936E-08 2.574978E-08 -8.995056E+01
4.470795E-08 2.571777E-08 -9.002197E+01
4.464654E-08 2.572329E-08 -8.997803E+01
4.458513E-08 2.574095E-08 -9.004395E+01
4.452371E-08 2.571114E-08 -9.008789E+01
4.446230E-08 2.574868E-08 -9.010437E+01
4.440089E-08 2.573874E-08 -9.007690E+01
4.433948E-08 2.574536E-08 -9.004944E+01
4.427807E-08 2.572218E-08 -9.001648E+01
4.421665E-08 2.572549E-08 -9.007141E+01
4.415524E-08 2.573101E-08 -8.994507E+01
4.409383E-08 2.574426E-08 -8.990662E+01
4.403242E-08 2.577848E-08 -8.992310E+01
4.397101E-08 2.577628E-08 -9.004395E+01
4.390959E-08 2.575530E-08 -9.003845E+01
4.384818E-08 2.571335E-08 -9.021973E+01
4.378677E-08 2.575088E-08 -9.017029E+01
4.372536E-08 2.577407E-08 -9.010437E+01
4.366395E-08 2.575088E-08 -9.006043E+01
4.360253E-08 2.574647E-08 -8.995056E+01
4.354112E-08 2.573212E-08 -9.007141E+01
4.347971E-08 2.575640E-08 -9.001648E+01
4.341830E-08 2.574978E-08 -9.001099E+01
4.335688E-08 2.575640E-08 -8.984070E+01
4.329547E-08 2.576192E-08 -8.990662E+01
4.323406E-08 2.578180E-08 -8.990662E+01
4.317265E-08 2.576855E-08 -8.996155E+01
4.311124E-08 2.573212E-08 -8.999451E+01
4.304982E-08 2.571997E-08 -8.999451E+01
4.298841E-08 2.572329E-08 -9.001099E+01
4.292700E-08 2.575199E-08 -9.008789E+01
4.286559E-08 2.571777E-08 -9.017029E+01
4.280418E-08 2.571666E-08 -9.009888E+01
4.274276E-08 2.574426E-08 -9.007141E+01
4.268135E-08 2.573432E-08 -8.994507E+01
4.261994E-08 2.572770E-08 -8.992310E+01
4.255853E-08 2.574426E-08 -8.993957E+01
4.249712E-08 2.576303E-08 -8.995056E+01
4.243570E-08 2.579173E-08 -8.994507E+01
4.237429E-08 2.575861E-08 -9.014282E+01
4.231288E-08 2.575640E-08 -9.012085E+01
4.225147E-08 2.573322E-08 -9.011536E+01
4.219006E-08 2.573653E-08 -9.001648E+01
4.212864E-08 2.573432E-08 -9.005493E+01
4.206723E-08 2.575640E-08 -9.002197E+01
4.200582E-08 2.573212E-08 -9.007690E+01
4.194441E-08 2.569789E-08 -9.006043E+01
4.188300E-08 2.571887E-08 -9.001099E+01
4.182158E-08 2.571887E-08 -8.991760E+01
4.176017E-08 2.571114E-08 -8.988464E+01
4.169876E-08 2.574757E-08 -8.995605E+01
4.163735E-08 2.578400E-08 -9.008789E+01
4.157594E-08 2.573432E-08 -9.009888E+01
4.151452E-08 2.572881E-08 -9.012634E+01
4.145311E-08 2.573322E-08 -9.009888E+01
4.139170E-08 2.573212E-08 -9.007141E+01
4.133029E-08 2.575640E-08 -9.008240E+01
4.126888E-08 2.573322E-08 -8.995056E+01
4.120746E-08 2.578069E-08 -9.008240E+01
4.114605E-08 2.577076E-08 -9.003296E+01
4.108464E-08 2.578180E-08 -9.005493E+01
4.102323E-08 2.574978E-08 -8.997253E+01
4.096182E-08 2.575088E-08 -8.993408E+01
4.090040E-08 2.575751E-08 -9.002197E+01
4.083899E-08 2.577959E-08 -9.000549E+01
4.077758E-08 2.575530E-08 -9.002747E+01
4.071617E-08 2.574205E-08 -9.004944E+01
4.065476E-08 2.569900E-08 -8.998352E+01
4.059334E-08 2.571666E-08 -8.998352E+01
4.053193E-08 2.571997E-08 -9.002197E+01
4.047052E-08 2.566367E-08 -9.007141E+01
4.040911E-08 2.567692E-08 -9.006592E+01
4.034770E-08 2.574647E-08 -9.002197E+01
4.028628E-08 2.580056E-08 -8.995056E+01
4.022487E-08 2.576303E-08 -9.005493E+01
4.016346E-08 2.575309E-08 -9.010986E+01
4.010205E-08 2.576192E-08 -9.021424E+01
4.004064E-08 2.574426E-08 -9.010986E+01
3.997922E-08 2.576744E-08 -9.001648E+01
3.991781E-08 2.580277E-08 -9.000000E+01
3.985640E-08 2.577076E-08 -8.997253E+01
3.979499E-08 2.575530E-08 -8.996155E+01
3.973358E-08 2.573432E-08 -8.990112E+01
3.967216E-08 2.575640E-08 -8.999451E+01
3.961075E-08 2.580277E-08 -8.998901E+01
3.954934E-08 2.577959E-08 -9.004395E+01
3.948793E-08 2.571666E-08 -9.010437E+01
3.942652E-08 2.572549E-08 -9.000000E+01
3.936510E-08 2.573432E-08 -8.991760E+01
3.930369E-08 2.573212E-08 -8.991211E+01
3.924228E-08 2.574205E-08 -8.995056E+01
3.918087E-08 2.577407E-08 -9.000549E+01
3.911946E-08 2.573432E-08 -9.001099E+01
3.905804E-08 2.573101E-08 -9.000549E+01
3.899663E-08 2.572329E-08 -9.007690E+01
3.893522E-08 2.571335E-08 -9.009888E+01
3.887381E-08 2.570673E-08 -9.011536E+01
3.881240E-08 2.572770E-08 -9.002197E+01
3.875098E-08 2.573101E-08 -8.992859E+01
3.868957E-08 2.573543E-08 -8.994507E+01
3.862816E-08 2.578511E-08 -8.998901E+01
3.856675E-08 2.576744E-08 -9.004395E+01
3.850534E-08 2.574647E-08 -8.995605E+01
3.844392E-08 2.571335E-08 -8.992859E+01
3.838251E-08 2.571114E-08 -9.004944E+01
3.832110E-08 2.568354E-08 -9.005493E+01
3.825969E-08 2.575088E-08 -9.015930E+01
3.819828E-08 2.571997E-08 -9.004944E+01
3.813686E-08 2.570231E-08 -9.010986E+01
3.807545E-08 2.570893E-08 -9.004944E+01
3.801404E-08 2.570452E-08 -9.004944E+01
3.795263E-08 2.569569E-08 -9.008789E+01
3.789122E-08 2.576524E-08 -9.008789E+01
3.782980E-08 2.572218E-08 -9.007141E+01
3.776839E-08 2.569569E-08 -8.999451E+01
3.770698E-08 2.572881E-08 -9.001648E+01
3.764557E-08 2.575088E-08 -8.990662E+01
3.758416E-08 2.575751E-08 -8.994507E+01
3.752274E-08 2.576855E-08 -8.991760E+01
3.746133E-08 2.576303E-08 -8.992859E+01
3.739992E-08 2.573101E-08 -9.003296E+01
3.733851E-08 2.575861E-08 -8.996155E+01
3.727710E-08 2.572770E-08 -8.997803E+01
3.721568E-08 2.574205E-08 -8.998901E+01
3.715427E-08 2.572770E-08 -9.008240E+01
3.709286E-08 2.572108E-08 -9.003296E+01
3.703145E-08 2.571445E-08 -9.008789E+01
3.697004E-08 2.571887E-08 -9.015930E+01
3.690862E-08 2.572991E-08 -9.012085E+01
3.684721E-08 2.571335E-08 -9.008240E+01
3.678580E-08 2.573543E-08 -9.007141E+01
3.672439E-08 2.572991E-08 -9.009888E+01
3.666297E-08 2.570010E-08 -9.008789E+01
3.660156E-08 2.570341E-08 -9.004944E+01
3.654015E-08 2.569900E-08 -9.003845E+01
3.647874E-08 2.575309E-08 -9.006043E+01
3.641733E-08 2.572770E-08 -8.996704E+01
3.635591E-08 2.574978E-08 -9.001648E+01
3.629450E-08 2.577848E-08 -9.001648E+01
3.623309E-08 2.579173E-08 -9.007690E+01
3.617168E-08 2.574205E-08 -9.016480E+01
3.611027E-08 2.571445E-08 -9.012085E+01
3.604885E-08 2.569789E-08 -9.006592E+01
3.598744E-08 2.575420E-08 -9.004944E+01
3.592603E-08 2.578400E-08 -9.009338E+01
3.586462E-08 2.576524E-08 -9.002197E+01
3.580321E-08 2.579283E-08 -9.001648E+01
3.574179E-08 2.579725E-08 -9.002747E+01
3.568038E-08 2.576524E-08 -8.999451E+01
3.561897E-08 2.574426E-08 -9.000549E+01
3.555756E-08 2.568796E-08 -9.000000E+01
3.549615E-08 2.569458E-08 -8.997253E+01
3.543473E-08 2.573874E-08 -9.000549E+01
3.537332E-08 2.572991E-08 -9.000549E+01
3.531191E-08 2.577186E-08 -8.989563E+01
3.525050E-08 2.572549E-08 -9.003845E+01
3.518909E-08 2.575751E-08 -9.004944E+01
3.512767E-08 2.570893E-08 -9.003296E+01
3.506626E-08 2.568796E-08 -9.001648E+01
3.500485E-08 2.569237E-08 -9.006592E+01
3.494344E-08 2.571777E-08 -9.012634E+01
3.488203E-08 2.572108E-08 -9.000549E+01
3.482061E-08 2.573984E-08 -9.003296E+01
3.475920E-08 2.571225E-08 -8.993957E+01
3.469779E-08 2.569569E-08 -8.996704E+01
3.463638E-08 2.568354E-08 -8.998352E+01
3.457497E-08 2.568685E-08 -9.001099E+01
3.451355E-08 2.571004E-08 -9.005493E+01
3.445214E-08 2.571114E-08 -9.006043E+01
3.439073E-08 2.573764E-08 -9.001099E+01
3.432932E-08 2.578952E-08 -9.006043E+01
3.426791E-08 2.577076E-08 -8.998901E+01
3.420649E-08 2.574978E-08 -9.009338E+01
3.414508E-08 2.577296E-08 -9.009888E+01
3.408367E-08 2.575530E-08 -9.015930E+01
3.402226E-08 2.579173E-08 -9.012634E+01
3.396085E-08 2.576634E-08 -9.019776E+01
3.389943E-08 2.572108E-08 -9.015381E+01
3.383802E-08 2.569900E-08 -9.009888E+01
3.377661E-08 2.570562E-08 -9.009888E+01
3.371520E-08 2.574095E-08 -9.006592E+01
3.365379E-08 2.573322E-08 -8.996704E+01
3.359237E-08 2.575199E-08 -8.998352E+01
3.353096E-08 2.576744E-08 -9.003296E+01
3.346955E-08 2.572108E-08 -9.007690E+01
3.340814E-08 2.572660E-08 -9.001099E+01
3.334673E-08 2.573432E-08 -9.005493E+01
3.328531E-08 2.574757E-08 -8.998352E+01
3.322390E-08 2.574095E-08 -9.002747E+01
3.316249E-08 2.573764E-08 -9.003845E+01
3.310108E-08 2.573764E-08 -9.006043E+01
3.303967E-08 2.575309E-08 -9.001099E+01
3.297825E-08 2.573432E-08 -9.003296E+01
3.291684E-08 2.573322E-08 -8.991760E+01
3.285543E-08 2.570673E-08 -8.998352E+01
3.279402E-08 2.569789E-08 -9.003845E+01
3.273261E-08 2.571004E-08 -9.009888E+01
3.267119E-08 2.572329E-08 -9.001648E+01
3.260978E-08 2.572991E-08 -8.999451E+01
3.254837E-08 2.569348E-08 -9.010986E+01
3.248696E-08 2.571004E-08 -9.006043E+01
3.242555E-08 2.571556E-08 -9.006043E+01
3.236413E-08 2.572881E-08 -8.999451E+01
3.230272E-08 2.572218E-08 -8.996155E+01
3.224131E-08 2.579283E-08 -8.993957E+01
3.217990E-08 2.573874E-08 -9.001648E+01
3.211849E-08 2.573653E-08 -8.998901E+01
3.205707E-08 2.573212E-08 -8.991211E+01
3.199566E-08 2.571225E-08 -8.986267E+01
3.193425E-08 2.568134E-08 -8.998352E+01
3.187284E-08 2.571225E-08 -8.997803E+01
3.181143E-08 2.572770E-08 -8.993957E+01
3.175001E-08 2.575309E-08 -8.995056E+01
3.168860E-08 2.574205E-08 -8.998901E+01
3.162719E-08 2.573543E-08 -8.996155E+01
3.156578E-08 2.572881E-08 -8.993957E+01
3.150437E-08 2.570010E-08 -9.004395E+01
3.144295E-08 2.569348E-08 -8.998901E+01
3.138154E-08 2.568244E-08 -9.004395E+01
3.132013E-08 2.569679E-08 -8.999451E+01
3.125872E-08 2.571004E-08 -9.007690E+01
3.119731E-08 2.571004E-08 -9.012085E+01
3.113589E-08 2.571997E-08 -9.019776E+01
3.107448E-08 2.567913E-08 -9.008240E+01
3.101307E-08 2.567582E-08 -9.008789E+01
3.095166E-08 2.572549E-08 -9.012634E+01
3.089025E-08 2.569017E-08 -9.005493E+01
3.082883E-08 2.569017E-08 -9.006592E+01
3.076742E-08 2.570341E-08 -9.004395E+01
3.070601E-08 2.570121E-08 -8.998901E+01
3.064460E-08 2.566367E-08 -8.998352E+01
3.058319E-08 2.568575E-08 -8.991211E+01
3.052177E-08 2.570893E-08 -9.001099E+01
3.046036E-08 2.572108E-08 -9.000000E+01
3.039895E-08 2.575972E-08 -9.008240E+01
3.033754E-08 2.579394E-08 -9.005493E+01
3.027613E-08 2.575530E-08 -8.999451E+01
3.021471E-08 2.572549E-08 -9.003845E+01
3.015330E-08 2.571114E-08 -9.012085E+01
3.009189E-08 2.570673E-08 -8.997803E+01
3.003048E-08 2.569017E-08 -8.985168E+01
2.996906E-08 2.576855E-08 -8.985168E+01
2.990765E-08 2.572439E-08 -9.000549E+01
2.984624E-08 2.576192E-08 -9.004944E+01
2.978483E-08 2.572991E-08 -9.011536E+01
2.972342E-08 2.571556E-08 -9.010437E+01
2.966200E-08 2.570562E-08 -9.014282E+01
2.960059E-08 2.569569E-08 -9.006043E+01
2.953918E-08 2.576082E-08 -9.007141E+01
2.947777E-08 2.574095E-08 -9.003845E+01
2.941636E-08 2.578731E-08 -8.998901E+01
2.935494E-08 2.573874E-08 -9.002197E+01
2.929353E-08 2.577186E-08 -9.000549E+01
2.923212E-08 2.578290E-08 -9.007141E+01
2.917071E-08 2.576965E-08 -9.004395E+01
2.910930E-08 2.572549E-08 -8.997803E+01
2.904788E-08 2.571445E-08 -9.002747E+01
2.898647E-08 2.574978E-08 -9.004395E+01
2.892506E-08 2.574316E-08 -9.004395E+01
2.886365E-08 2.576082E-08 -9.000000E+01
2.880224E-08 2.578952E-08 -9.013733E+01
2.874082E-08 2.577738E-08 -9.012085E+01
2.867941E-08 2.575088E-08 -9.003296E+01
2.861800E-08 2.570452E-08 -8.996704E+01
2.855659E-08 2.573653E-08 -8.993957E+01
2.849518E-08 2.573874E-08 -9.000000E+01
2.843376E-08 2.576082E-08 -9.002747E+01
2.837235E-08 2.573984E-08 -9.010437E+01
2.831094E-08 2.570783E-08 -9.002197E+01
2.824953E-08 2.568023E-08 -8.997253E+01
2.818812E-08 2.568906E-08 -8.995056E+01
2.812670E-08 2.571887E-08 -9.007141E+01
2.806529E-08 2.574757E-08 -8.991760E+01
2.800388E-08 2.575861E-08 -9.002747E+01
2.794247E-08 2.571225E-08 -9.010437E+01
2.788106E-08 2.571114E-08 -9.017029E+01
2.781964E-08 2.574205E-08 -9.003296E+01
2.775823E-08 2.573653E-08 -9.001648E+01
2.769682E-08 2.576082E-08 -9.006592E+01
2.763541E-08 2.576524E-08 -9.004944E+01
2.757400E-08 2.573212E-08 -9.006592E+01
2.751258E-08 2.575972E-08 -9.013733E+01
2.745117E-08 2.575309E-08 -9.018128E+01
2.738976E-08 2.579615E-08 -9.000549E+01
2.732835E-08 2.578842E-08 -9.007141E+01
2.726694E-08 2.575972E-08 -9.004395E+01
2.720552E-08 2.577628E-08 -9.002747E+01
2.714411E-08 2.576524E-08 -9.002747E+01
2.708270E-08 2.571997E-08 -9.011536E+01
2.702129E-08 2.573764E-08 -9.005493E+01
2.695988E-08 2.572108E-08 -9.004944E+01
2.689846E-08 2.568575E-08 -9.009888E+01
2.683705E-08 2.568244E-08 -9.010986E+01
2.677564E-08 2.569237E-08 -9.011536E+01
2.671423E-08 2.572329E-08 -9.008240E+01
2.665282E-08 2.574757E-08 -9.011536E+01
2.659140E-08 2.577296E-08 -9.006592E+01
2.652999E-08 2.572108E-08 -9.006592E+01
2.646858E-08 2.571666E-08 -9.011536E+01
2.640717E-08 2.569127E-08 -9.012634E+01
2.634576E-08 2.571114E-08 -9.000549E+01
2.628434E-08 2.570783E-08 -9.003296E+01
2.622293E-08 2.571777E-08 -9.008240E+01
2.616152E-08 2.572218E-08 -9.012085E+01
2.610011E-08 2.568685E-08 -9.012634E+01
2.603870E-08 2.571997E-08 -9.014832E+01
2.597728E-08 2.573764E-08 -9.013733E+01
2.591587E-08 2.571004E-08 -9.001648E+01
2.585446E-08 2.576524E-08 -9.000000E+01
2.579305E-08 2.573432E-08 -9.009338E+01
2.573164E-08 2.575861E-08 -9.002197E+01
2.567022E-08 2.577959E-08 -9.004395E+01
2.560881E-08 2.575751E-08 -9.003296E+01
2.554740E-08 2.572439E-08 -9.007141E+01
2.548599E-08 2.570562E-08 -9.010437E+01
2.542458E-08 2.569789E-08 -9.005493E+01
2.536316E-08 2.571445E-08 -9.013733E+01
2.530175E-08 2.572881E-08 -9.008789E+01
2.524034E-08 2.571225E-08 -9.003296E+01
2.517893E-08 2.572881E-08 -9.012634E+01
2.511752E-08 2.574426E-08 -9.013733E+01
2.505610E-08 2.577738E-08 -9.016480E+01
2.499469E-08 2.575972E-08 -9.002197E+01
2.493328E-08 2.574868E-08 -9.008789E+01
2.487187E-08 2.575088E-08 -9.007141E+01
2.481046E-08 2.573543E-08 -9.012085E+01
2.474904E-08 2.574868E-08 -9.004944E+01
2.468763E-08 2.572770E-08 -9.004944E+01
2.462622E-08 2.571114E-08 -9.006592E+01
2.456481E-08 2.569569E-08 -9.010986E+01
2.450340E-08 2.572329E-08 -9.014832E+01
2.444198E-08 2.569789E-08 -9.009338E+01
2.438057E-08 2.572218E-08 -9.014832E+01
2.431916E-08 2.570231E-08 -9.019776E+01
2.425775E-08 2.569348E-08 -9.014282E+01
2.419634E-08 2.569789E-08 -9.012634E+01
2.413492E-08 2.571004E-08 -9.007690E+01
2.407351E-08 2.571114E-08 -9.002747E+01
2.401210E-08 2.567361E-08 -9.008789E+01
2.395069E-08 2.571777E-08 -9.011536E+01
2.388928E-08 2.575420E-08 -9.013184E+01
2.382786E-08 2.570231E-08 -9.017029E+01
2.376645E-08 2.570452E-08 -9.000000E+01
2.370504E-08 2.565815E-08 -8.993408E+01
2.364363E-08 2.569017E-08 -8.998901E+01
2.358222E-08 2.572108E-08 -9.013184E+01
2.352080E-08 2.573432E-08 -9.003845E+01
2.345939E-08 2.571556E-08 -9.002197E+01
2.339798E-08 2.571777E-08 -8.996155E+01
2.333657E-08 2.575972E-08 -8.997803E+01
2.327515E-08 2.576303E-08 -8.997253E+01
2.321374E-08 2.574647E-08 -8.989014E+01
2.315233E-08 2.571225E-08 -8.991211E+01
2.309092E-08 2.571225E-08 -8.986267E+01
2.302951E-08 2.574316E-08 -8.987915E+01
2.296809E-08 2.576634E-08 -8.989563E+01
2.290668E-08 2.573874E-08 -9.001099E+01
2.284527E-08 2.576855E-08 -9.009888E+01
2.278386E-08 2.575751E-08 -9.014282E+01
2.272245E-08 2.574536E-08 -9.007141E+01
2.266103E-08 2.573874E-08 -9.002747E+01
2.259962E-08 2.573764E-08 -8.998352E+01
2.253821E-08 2.570231E-08 -8.995056E+01
2.247680E-08 2.569127E-08 -8.988464E+01
2.241539E-08 2.570341E-08 -8.995056E+01
2.235397E-08 2.570231E-08 -9.012085E+01
2.229256E-08 2.570231E-08 -9.007141E+01
2.223115E-08 2.570673E-08 -9.005493E+01
2.216974E-08 2.572991E-08 -9.009338E+01
2.210833E-08 2.573984E-08 -9.012085E+01
2.204691E-08 2.573101E-08 -9.007141E+01
2.198550E-08 2.570783E-08 -9.007141E+01
2.192409E-08 2.573543E-08 -9.002197E+01
2.186268E-08 2.576965E-08 -9.003296E+01
2.180127E-08 2.576634E-08 -9.015381E+01
2.173985E-08 2.575530E-08 -9.010986E+01
2.167844E-08 2.576192E-08 -9.012634E+01
2.161703E-08 2.574868E-08 -9.010437E+01
2.155562E-08 2.579394E-08 -9.006592E+01
2.149421E-08 2.573432E-08 -9.007141E+01
2.143279E-08 2.572770E-08 -8.991211E+01
2.137138E-08 2.573764E-08 -9.000000E+01
2.130997E-08 2.571335E-08 -9.002197E+01
2.124856E-08 2.572329E-08 -9.004395E+01
2.118715E-08 2.573101E-08 -9.007690E+01
2.112573E-08 2.578952E-08 -9.004944E+01
2.106432E-08 2.578842E-08 -9.002747E+01
2.100291E-08 2.575751E-08 -9.004395E+01
2.094150E-08 2.577296E-08 -9.012085E+01
2.088009E-08 2.574316E-08 -9.007690E+01
2.081867E-08 2.570893E-08 -9.007141E+01
2.075726E-08 2.572549E-08 -9.009338E+01
2.069585E-08 2.571225E-08 -9.001648E+01
2.063444E-08 2.569017E-08 -9.001099E+01
2.057303E-08 2.576744E-08 -8.992859E+01
2.051161E-08 2.577628E-08 -8.993408E+01
2.045020E-08 2.577186E-08 -9.003845E+01
2.038879E-08 2.569789E-08 -9.015381E+01
2.032738E-08 2.571556E-08 -9.007690E+01
2.026597E-08 2.577296E-08 -9.006592E+01
2.020455E-08 2.576965E-08 -9.006592E+01
2.014314E-08 2.572439E-08 -9.008240E+01
2.008173E-08 2.572549E-08 -8.999451E+01
2.002032E-08 2.572439E-08 -9.001648E+01
1.995891E-08 2.568796E-08 -8.995605E+01
1.989749E-08 2.566698E-08 -9.003296E+01
1.983608E-08 2.569458E-08 -8.999451E+01
1.977467E-08 2.573432E-08 -9.009338E+01
1.971326E-08 2.576082E-08 -9.002747E+01
1.965185E-08 2.575309E-08 -9.007141E+01
1.959043E-08 2.572108E-08 -9.008789E+01
1.952902E-08 2.571556E-08 -9.004395E+01
1.946761E-08 2.571004E-08 -9.007141E+01
1.940620E-08 2.570452E-08 -9.008240E+01
1.934479E-08 2.570562E-08 -8.999451E+01
1.928337E-08 2.568906E-08 -9.018128E+01
1.922196E-08 2.566367E-08 -9.019776E+01
1.916055E-08 2.573543E-08 -9.013733E+01
1.909914E-08 2.569348E-08 -9.009338E+01
1.903773E-08 2.569458E-08 -9.000000E+01
1.897631E-08 2.567802E-08 -8.992310E+01
1.891490E-08 2.568134E-08 -8.998352E+01
1.885349E-08 2.572881E-08 -8.995605E+01
1.879208E-08 2.575088E-08 -9.002747E+01
1.873067E-08 2.570783E-08 -9.008240E+01
1.866925E-08 2.568796E-08 -9.006592E+01
1.860784E-08 2.568465E-08 -9.003296E+01
1.854643E-08 2.571114E-08 -9.004395E+01
1.848502E-08 2.573874E-08 -9.005493E+01
1.842361E-08 2.572439E-08 -8.998352E+01
1.836219E-08 2.571445E-08 -8.996155E+01
1.830078E-08 2.569458E-08 -8.989563E+01
1.823937E-08 2.569127E-08 -8.988464E+01
1.817796E-08 2.562724E-08 -8.992859E+01
1.811655E-08 2.570341E-08 -8.996704E+01
1.805513E-08 2.572439E-08 -9.009888E+01
1.799372E-08 2.573322E-08 -9.000000E+01
1.793231E-08 2.576524E-08 -9.002197E+01
1.787090E-08 2.573322E-08 -9.007690E+01
1.780949E-08 2.570562E-08 -8.998901E+01
1.774807E-08 2.569458E-08 -8.999451E+01
1.768666E-08 2.567140E-08 -9.006043E+01
1.762525E-08 2.571445E-08 -8.999451E+01
1.756384E-08 2.564932E-08 -9.001099E+01
1.750243E-08 2.570121E-08 -9.002197E+01
1.744101E-08 2.571114E-08 -9.003845E+01
1.737960E-08 2.568575E-08 -9.003845E+01
1.731819E-08 2.566698E-08 -9.003296E+01
1.725678E-08 2.565705E-08 -9.002747E+01
1.719537E-08 2.568796E-08 -8.995056E+01
1.713395E-08 2.570121E-08 -8.996704E+01
1.707254E-08 2.575751E-08 -9.001648E+01
1.701113E-08 2.575088E-08 -9.004944E+01
1.694972E-08 2.574536E-08 -9.004944E+01
1.688831E-08 2.577076E-08 -9.012634E+01
1.682689E-08 2.574868E-08 -9.006043E+01
1.676548E-08 2.572770E-08 -9.006592E+01
1.670407E-08 2.572549E-08 -9.014832E+01
1.664266E-08 2.569458E-08 -9.012085E+01
1.658124E-08 2.571004E-08 -9.006043E+01
1.651983E-08 2.570231E-08 -9.007690E+01
1.645842E-08 2.574868E-08 -9.008789E+01
1.639701E-08 2.577296E-08 -9.007141E+01
1.633560E-08 2.573984E-08 -9.005493E+01
1.627418E-08 2.575751E-08 -9.006043E+01
1.621277E-08 2.574205E-08 -9.006043E+01
1.615136E-08 2.571114E-08 -9.010437E+01
1.608995E-08 2.571004E-08 -9.008789E+01
1.602854E-08 2.571777E-08 -9.005493E+01
1.596712E-08 2.573764E-08 -9.008240E+01
1.590571E-08 2.574647E-08 -9.002747E+01
1.584430E-08 2.574757E-08 -9.006592E+01
1.578289E-08 2.574978E-08 -9.010437E+01
1.572148E-08 2.571777E-08 -9.010986E+01
1.566006E-08 2.569679E-08 -9.013733E+01
1.559865E-08 2.573101E-08 -9.008240E+01
1.553724E-08 2.571114E-08 -9.011536E+01
1.547583E-08 2.572218E-08 -9.009888E+01
1.541442E-08 2.569127E-08 -9.010437E+01
1.535300E-08 2.568023E-08 -9.013184E+01
1.529159E-08 2.570783E-08 -9.012085E+01
1.523018E-08 2.570452E-08 -9.009888E+01
1.516877E-08 2.568906E-08 -9.011536E+01
1.510736E-08 2.571666E-08 -9.015930E+01
1.504594E-08 2.571445E-08 -9.003845E+01
1.498453E-08 2.568906E-08 -9.004395E+01
1.492312E-08 2.568023E-08 -9.002197E+01
1.486171E-08 2.572770E-08 -9.002197E+01
1.480030E-08 2.576413E-08 -9.005493E+01
1.473888E-08 2.573653E-08 -9.003845E+01
1.467747E-08 2.574316E-08 -9.003845E+01
1.461606E-08 2.573101E-08 -9.010437E+01
1.455465E-08 2.571666E-08 -9.006592E+01
1.449324E-08 2.573874E-08 -9.003845E+01
1.443182E-08 2.569789E-08 -9.009888E+01
1.437041E-08 2.568796E-08 -9.007690E+01
1.430900E-08 2.569458E-08 -9.009888E+01
1.424759E-08 2.571335E-08 -9.002747E+01
1.418618E-08 2.569569E-08 -9.002747E+01
1.412476E-08 2.570341E-08 -9.008240E+01
1.406335E-08 2.568244E-08 -9.002197E+01
1.400194E-08 2.576082E-08 -9.001099E+01
1.394053E-08 2.575972E-08 -9.008789E+01
1.387912E-08 2.576303E-08 -9.013184E+01
1.381770E-08 2.572991E-08 -9.020874E+01
1.375629E-08 2.571666E-08 -9.013184E+01
1.369488E-08 2.573653E-08 -9.005493E+01
1.363347E-08 2.573212E-08 -9.008789E+01
1.357206E-08 2.575420E-08 -9.013733E+01
1.351064E-08 2.571997E-08 -9.014832E+01
1.344923E-08 2.570673E-08 -9.018677E+01
1.338782E-08 2.571887E-08 -9.009888E+01
1.332641E-08 2.573432E-08 -9.010986E+01
1.326500E-08 2.574757E-08 -9.004395E+01
1.320358E-08 2.573543E-08 -9.011536E+01
1.314217E-08 2.574868E-08 -9.005493E+01
1.308076E-08 2.575972E-08 -9.007141E+01
1.301935E-08 2.579173E-08 -9.003296E+01
1.295794E-08 2.576744E-08 -9.010986E+01
1.289652E-08 2.575420E-08 -9.009888E+01
1.283511E-08 2.575972E-08 -9.013184E+01
1.277370E-08 2.572108E-08 -9.015930E+01
1.271229E-08 2.571556E-08 -9.025269E+01
1.265088E-08 2.572329E-08 -9.015381E+01
1.258946E-08 2.573653E-08 -9.008240E+01
1.252805E-08 2.572991E-08 -9.007141E+01
1.246664E-08 2.575420E-08 -9.004395E+01
1.240523E-08 2.574095E-08 -9.013733E+01
1.234382E-08 2.571004E-08 -9.007690E+01
1.228240E-08 2.571997E-08 -9.009888E+01
1.222099E-08 2.567802E-08 -9.019776E+01
1.215958E-08 2.573101E-08 -9.010437E+01
1.209817E-08 2.571114E-08 -9.005493E+01
1.203676E-08 2.572439E-08 -9.013733E+01
1.197534E-08 2.571114E-08 -9.010437E+01
1.191393E-08 2.569127E-08 -9.009888E+01
1.185252E-08 2.571556E-08 -9.006043E+01
1.179111E-08 2.571777E-08 -9.001099E+01
1.172970E-08 2.569127E-08 -9.012085E+01
1.166828E-08 2.568244E-08 -9.015930E+01
1.160687E-08 2.568023E-08 -9.009888E+01
1.154546E-08 2.572660E-08 -9.018128E+01
1.148405E-08 2.575530E-08 -9.016480E+01
1.142264E-08 2.577296E-08 -9.014282E+01
1.136122E-08 2.575751E-08 -9.014832E+01
1.129981E-08 2.575420E-08 -9.020874E+01
1.123840E-08 2.570783E-08 -9.012634E+01
1.117699E-08 2.571445E-08 -9.018677E+01
1.111558E-08 2.569679E-08 -9.021973E+01
1.105416E-08 2.570562E-08 -9.028565E+01
1.099275E-08 2.569127E-08 -9.015381E+01
1.093134E-08 2.572218E-08 -9.021973E+01
1.086993E-08 2.570783E-08 -9.021973E+01
1.080852E-08 2.569900E-08 -9.024719E+01
1.074710E-08 2.568354E-08 -9.027466E+01
1.068569E-08 2.570452E-08 -9.034058E+01
1.062428E-08 2.571556E-08 -9.025269E+01
1.056287E-08 2.575751E-08 -9.029114E+01
1.050146E-08 2.578290E-08 -9.019226E+01
1.044004E-08 2.573874E-08 -9.030213E+01
1.037863E-08 2.571445E-08 -9.026367E+01
1.031722E-08 2.571556E-08 -9.025818E+01
1.025581E-08 2.574757E-08 -9.032410E+01
1.019440E-08 2.575088E-08 -9.032959E+01
1.013298E-08 2.573543E-08 -9.036804E+01
1.007157E-08 2.565815E-08 -9.034607E+01
1.001016E-08 2.567140E-08 -9.045594E+01
9.948747E-09 2.567582E-08 -9.056031E+01
9.887335E-09 2.572329E-08 -9.062073E+01
9.825923E-09 2.567692E-08 -9.098878E+01
9.764511E-09 2.565926E-08 -9.121400E+01
9.703099E-09 2.565042E-08 -9.122498E+01
9.641687E-09 2.556984E-08 -9.160951E+01
9.580275E-09 2.556984E-08 -9.186769E+01
9.518863E-09 2.558198E-08 -9.228517E+01
9.457451E-09 2.552126E-08 -9.172487E+01
9.396039E-09 2.543957E-08 -9.207643E+01
9.334627E-09 2.530157E-08 -9.296084E+01
9.273215E-09 2.521988E-08 -9.394962E+01
9.211803E-09 2.525631E-08 -9.385623E+01
9.150391E-09 2.524196E-08 -9.405948E+01
9.088979E-09 2.520443E-08 -9.415836E+01
9.027567E-09 2.509955E-08 -9.548771E+01
8.966155E-09 2.511280E-08 -9.563054E+01
8.904743E-09 2.502779E-08 -9.577885E+01
8.843331E-09 2.496487E-08 -9.609197E+01
8.781919E-09 2.478271E-08 -9.755865E+01
8.720507E-09 2.475401E-08 -9.815741E+01
8.659095E-09 2.474297E-08 -9.836066E+01
8.597683E-09 2.473304E-08 -9.855292E+01
8.536271E-09 2.468336E-08 -9.934944E+01
8.474859E-09 2.471869E-08 -9.858588E+01
8.413447E-09 2.458179E-08 -9.779486E+01
8.352034E-09 2.436432E-08 -9.910224E+01
8.290622E-09 2.437977E-08 -9.999214E+01
8.229210E-09 2.450562E-08 -9.992622E+01
8.167798E-09 2.442945E-08 -1.000086E+02
8.106386E-09 2.433009E-08 -1.012666E+02
8.044974E-09 2.439964E-08 -1.014918E+02
7.983562E-09 2.436321E-08 -1.011347E+02
7.922150E-09 2.426717E-08 -1.019972E+02
7.860738E-09 2.427269E-08 -1.019972E+02
7.799326E-09 2.415898E-08 -1.019972E+02
7.737914E-09 2.406735E-08 -1.015193E+02
7.676502E-09 2.394040E-08 -1.027113E+02
7.615090E-09 2.391832E-08 -1.038429E+02
7.553678E-09 2.390065E-08 -1.037275E+02
7.492266E-09 2.402098E-08 -1.036341E+02
7.430854E-09 2.387637E-08 -1.038868E+02
7.369442E-09 2.383221E-08 -1.048866E+02
7.308030E-09 2.381896E-08 -1.048756E+02
7.246618E-09 2.386202E-08 -1.050294E+02
7.185206E-09 2.381013E-08 -1.052821E+02
7.123794E-09 2.371077E-08 -1.045240E+02
7.062382E-09 2.354849E-08 -1.053315E+02
7.000970E-09 2.351316E-08 -1.060786E+02
6.939558E-09 2.344803E-08 -1.055842E+02
6.878146E-09 2.330673E-08 -1.059742E+02
6.816734E-09 2.335420E-08 -1.075068E+02
6.755322E-09 2.340829E-08 -1.075068E+02
6.693910E-09 2.336413E-08 -1.071168E+02
6.632498E-09 2.319523E-08 -1.071443E+02
6.571086E-09 2.308593E-08 -1.082759E+02
6.509674E-09 2.310801E-08 -1.077925E+02
6.448262E-09 2.298106E-08 -1.077870E+02
6.386850E-09 2.277131E-08 -1.089021E+02
6.325438E-09 2.282209E-08 -1.105171E+02
6.264026E-09 2.289053E-08 -1.094844E+02
6.202614E-09 2.269513E-08 -1.095833E+02
6.141202E-09 2.266974E-08 -1.116158E+02
6.079790E-09 2.272273E-08 -1.116817E+02
6.018378E-09 2.265870E-08 -1.105061E+02
5.956966E-09 2.254720E-08 -1.113466E+02
5.895554E-09 2.244674E-08 -1.118794E+02
5.834142E-09 2.241473E-08 -1.123464E+02
5.772730E-09 2.241804E-08 -1.118630E+02
5.711318E-09 2.219835E-08 -1.121980E+02
5.649906E-09 2.216413E-08 -1.143459E+02
5.588494E-09 2.226017E-08 -1.130165E+02
5.527082E-09 2.212218E-08 -1.124068E+02
5.465670E-09 2.201510E-08 -1.133461E+02
5.404258E-09 2.197204E-08 -1.148842E+02
5.342846E-09 2.203497E-08 -1.161696E+02
5.281434E-09 2.241362E-08 -1.152633E+02
5.220022E-09 2.274812E-08 -1.099623E+02
5.158610E-09 2.284527E-08 -1.053920E+02
5.097198E-09 2.306606E-08 -1.032002E+02
5.035786E-09 2.329569E-08 -9.926155E+01
4.974373E-09 2.324270E-08 -9.177431E+01
4.912961E-09 2.310470E-08 -8.868163E+01
4.851549E-09 2.319412E-08 -8.906615E+01
4.790137E-09 2.302522E-08 -8.756102E+01
4.728725E-09 2.286625E-08 -8.324885E+01
4.667313E-09 2.277683E-08 -8.277643E+01
4.605901E-09 2.295346E-08 -8.542965E+01
4.544489E-09 2.281657E-08 -8.567135E+01
4.483077E-09 2.258915E-08 -7.945854E+01
4.421665E-09 2.269955E-08 -8.523190E+01
4.360253E-09 2.263994E-08 -8.286433E+01
4.298841E-09 2.252733E-08 -7.842032E+01
4.237429E-09 2.234518E-08 -7.564625E+01
4.176017E-09 2.238382E-08 -7.829398E+01
4.114605E-09 2.239486E-08 -8.226557E+01
4.053193E-09 2.202503E-08 -7.393787E+01
3.991781E-09 2.228005E-08 -7.622304E+01
3.930369E-09 2.228005E-08 -7.829947E+01
3.868957E-09 2.213212E-08 -7.738760E+01
3.807545E-09 2.199522E-08 -7.835990E+01
3.746133E-09 2.192236E-08 -7.521778E+01
3.684721E-09 2.205263E-08 -7.916190E+01
3.623309E-09 2.176450E-08 -7.680532E+01
3.561897E-09 2.163092E-08 -7.221300E+01
3.500485E-09 2.172476E-08 -7.427844E+01
3.439073E-09 2.175787E-08 -7.254808E+01
3.377661E-09 2.154481E-08 -7.354235E+01
3.316249E-09 2.135603E-08 -6.726911E+01
3.254837E-09 2.170268E-08 -7.528919E+01
3.193425E-09 2.149734E-08 -7.595937E+01
3.132013E-09 2.121804E-08 -7.068589E+01
3.070601E-09 2.142890E-08 -7.172960E+01
3.009189E-09 2.134499E-08 -7.582753E+01
2.947777E-09 2.103809E-08 -7.012558E+01
2.886365E-09 2.103809E-08 -6.738996E+01
2.824953E-09 2.121473E-08 -7.207567E+01
2.763541E-09 2.111096E-08 -7.501453E+01
2.702129E-09 2.070801E-08 -6.859847E+01
2.640717E-09 2.079191E-08 -6.391276E+01
2.579305E-09 2.108446E-08 -7.657460E+01
2.517893E-09 2.078750E-08 -7.186143E+01
2.456481E-09 2.055898E-08 -6.894454E+01
2.395069E-09 2.079743E-08 -7.168565E+01
2.333657E-09 2.063625E-08 -7.176256E+01
2.272245E-09 2.045962E-08 -6.945541E+01
2.210833E-09 2.021786E-08 -6.646711E+01
2.149421E-09 2.054352E-08 -7.185045E+01
2.088009E-09 2.032384E-08 -7.248217E+01
2.026597E-09 2.009421E-08 -6.837874E+01
1.965185E-09 2.028078E-08 -6.691755E+01
1.903773E-09 2.031500E-08 -7.029038E+01
1.842361E-09 2.003129E-08 -6.910934E+01
1.780949E-09 2.000479E-08 -6.664289E+01
1.719537E-09 2.020571E-08 -6.848311E+01
1.658124E-09 2.012843E-08 -7.145494E+01
1.596712E-09 1.985797E-08 -6.779097E+01
1.535300E-09 1.981602E-08 -6.629682E+01
1.473888E-09 1.999154E-08 -7.077927E+01
1.412476E-09 1.975419E-08 -6.981247E+01
1.351064E-09 1.934242E-08 -6.437969E+01
1.289652E-09 1.948041E-08 -6.388530E+01
1.228240E-09 1.955107E-08 -6.890060E+01
1.166828E-09 1.927066E-08 -6.486309E+01
1.105416E-09 1.911721E-08 -6.276468E+01
1.044004E-09 1.933138E-08 -6.323161E+01
9.825923E-10 1.935898E-08 -6.886214E+01
9.211803E-10 1.890967E-08 -6.467632E+01
8.597683E-10 1.900240E-08 -5.983681E+01
7.983562E-10 1.925189E-08 -6.676923E+01
7.369442E-10 1.897259E-08 -6.495098E+01
6.755322E-10 1.872972E-08 -6.139688E+01
6.141202E-10 1.890746E-08 -6.227030E+01
5.527082E-10 1.902337E-08 -6.758772E+01
4.912961E-10 1.868556E-08 -6.411601E+01
4.298841E-10 1.850231E-08 -5.964454E+01
3.684721E-10 1.875180E-08 -6.535748E+01
3.070601E-10 1.866128E-08 -6.590131E+01
2.456481E-10 1.825392E-08 -6.332499E+01
1.842361E-10 1.815015E-08 -5.572789E+01
1.228240E-10 1.854757E-08 -6.162759E+01
6.141202E-11 1.829808E-08 -6.552777E+01
